1000										
0.001	55.91	12.29	14.97	21.02	59.26	52.20	46.45	67.57	29.34	48.98
0.001	6.01	14.78	82.18	35.68	35.86	37.70	39.77	61.70	54.30	50.86
0.001	29.48	2.82	43.01	41.69	20.45	66.85	50.75	38.76	52.18	25.06
0.001	42.58	26.80	65.20	40.00	26.68	45.70	34.09	85.15	47.99	81.71
0.001	31.07	35.94	57.14	32.81	49.57	84.80	37.67	56.43	45.50	83.20
0.001	16.26	37.81	52.68	24.11	61.87	56.49	32.84	58.90	21.83	53.77
0.001	32.58	29.66	28.92	14.57	33.02	55.46	36.56	11.59	50.13	70.91
0.001	35.37	29.28	24.02	19.27	30.37	27.60	31.40	59.15	50.86	62.56
0.001	85.99	23.68	31.81	22.16	21.83	88.87	41.84	52.71	67.83	65.24
0.001	56.76	19.78	50.20	34.94	44.82	73.91	15.58	40.86	58.37	37.79
0.001	39.15	32.61	72.65	6.21	28.38	97.21	55.17	57.16	50.30	31.40
0.001	74.85	27.82	68.32	32.37	60.21	57.11	13.60	58.45	32.42	48.16
0.001	44.72	23.30	76.83	43.46	52.68	86.38	50.05	77.75	63.52	45.53
0.001	62.48	26.19	63.30	29.18	45.33	24.80	58.85	23.36	56.03	35.35
0.001	49.66	27.48	94.41	38.18	56.15	42.45	38.23	71.49	60.22	54.85
0.001	70.41	5.42	72.93	22.85	38.58	44.42	62.92	70.04	51.57	85.48
0.001	54.51	26.97	81.19	12.23	29.46	27.28	29.53	29.30	37.71	68.28
0.001	69.08	10.45	83.54	23.68	55.76	47.28	41.34	78.50	36.73	81.22
0.001	52.15	7.52	91.21	35.21	31.04	67.72	24.46	51.61	57.57	76.13
0.001	41.69	36.33	85.93	14.18	30.50	47.54	57.55	29.18	33.65	64.24
0.001	29.35	3.50	66.85	23.50	23.21	27.54	59.94	42.67	43.96	55.20
0.001	16.87	10.66	28.51	31.61	30.97	30.43	39.23	76.79	67.55	41.19
0.001	66.64	20.65	28.21	36.67	58.55	76.19	33.84	30.29	52.52	37.85
0.001	39.31	12.62	63.87	29.94	32.01	77.39	32.45	51.39	65.79	49.89
0.001	23.61	27.33	34.80	20.03	27.40	48.02	27.46	16.11	56.25	48.80
0.001	69.31	16.56	36.62	15.42	52.29	55.16	17.57	54.66	34.64	39.92
0.001	40.89	13.69	86.75	25.27	34.23	55.56	52.16	15.61	36.47	60.81
0.001	81.97	17.97	22.94	7.67	52.01	87.79	62.62	28.51	48.38	52.71
0.001	53.90	27.17	50.78	20.41	58.62	50.92	58.17	20.29	30.48	29.66
0.001	8.89	15.18	89.82	21.27	38.26	69.89	19.00	48.75	34.99	79.79
0.001	72.35	35.27	77.42	19.31	25.49	53.23	24.44	57.50	25.40	28.06
0.001	22.04	15.53	60.95	39.87	42.05	29.64	38.79	65.95	32.26	42.50
0.001	83.47	31.82	68.56	41.37	27.36	35.40	27.25	62.10	42.98	54.16
0.001	49.96	22.04	54.82	7.86	35.51	36.75	61.22	28.36	27.68	58.31
0.001	21.64	26.00	92.70	26.66	43.56	39.71	43.73	17.67	57.38	67.92
0.001	71.17	28.18	81.27	20.06	57.05	27.89	34.02	83.93	28.13	61.79
0.001	66.25	30.76	33.39	38.25	41.34	72.87	35.43	78.17	32.06	75.87
0.001	34.72	33.17	35.99	40.35	49.86	92.79	29.04	48.89	65.83	55.38
0.001	82.72	18.72	79.32	37.47	53.85	55.07	49.28	59.72	24.00	44.94
0.001	81.87	7.06	48.93	37.88	46.69	93.16	49.12	61.62	35.12	42.57
0.001	41.46	4.44	31.40	30.49	30.46	89.31	17.62	19.03	61.82	84.46
0.001	59.02	29.89	18.10	24.29	23.28	62.76	56.80	49.72	46.71	69.35
0.001	41.05	10.16	82.79	20.01	44.20	58.21	50.61	52.22	32.16	85.70
0.001	24.64	26.47	89.24	35.71	42.28	43.81	35.81	48.50	40.09	56.65
0.001	40.48	4.28	66.08	39.91	56.28	88.65	14.58	66.66	30.60	27.53
0.001	55.46	4.92	38.65	19.78	29.85	83.92	42.76	80.97	30.50	76.59
0.001	52.54	27.84	37.52	38.35	32.47	34.22	18.59	17.12	57.06	26.66
0.001	15.06	13.97	87.20	27.72	34.54	48.72	18.84	70.76	64.93	43.33
0.001	13.33	9.60	48.78	16.67	55.83	67.76	31.31	72.60	53.73	67.27
0.001	12.13	22.14	63.59	34.07	27.25	72.42	61.44	27.33	40.29	31.04
0.001	81.91	30.69	85.37	36.38	47.95	64.61	47.29	62.39	35.87	47.94
0.001	80.07	13.03	92.23	26.03	54.29	25.56	25.51	65.12	64.56	45.16
0.001	61.80	10.25	49.96	7.73	60.95	97.29	55.20	67.97	37.94	44.51
0.001	20.69	4.82	84.07	13.61	58.33	70.83	47.97	81.63	38.01	65.03
0.001	65.89	13.82	62.28	35.39	24.13	91.14	53.00	46.08	62.99	61.07
0.001	75.98	26.49	65.99	19.69	55.01	51.62	45.75	38.17	40.20	51.04
0.001	81.84	13.84	75.90	15.75	39.23	37.64	55.05	40.94	24.59	50.51
0.001	50.52	6.19	83.58	43.87	58.74	73.54	53.62	80.18	33.47	48.25
0.001	36.03	28.22	44.35	36.71	32.29	74.31	23.87	42.14	42.22	35.69
0.001	54.61	16.01	48.53	21.21	26.15	39.51	62.75	13.33	60.58	59.13
0.001	31.79	29.40	94.70	43.10	57.21	79.70	14.08	54.41	22.85	56.16
0.001	46.22	28.30	40.50	11.19	21.02	94.37	33.47	13.34	32.06	32.47
0.001	74.36	6.30	30.88	41.73	30.67	38.90	54.73	43.82	56.36	54.01
0.001	75.71	27.29	50.03	42.72	43.74	82.15	33.96	16.59	38.76	43.83
0.001	32.84	4.55	15.18	37.52	53.55	59.45	24.06	81.69	29.74	60.58
0.001	8.67	4.56	55.14	22.34	40.33	65.57	51.69	53.12	52.31	36.17
0.001	49.74	11.50	23.77	41.46	43.87	72.94	42.29	43.86	52.36	28.77
0.001	27.42	15.30	34.99	35.41	22.60	60.32	44.09	68.49	33.16	78.46
0.001	68.54	15.27	47.23	38.47	22.11	38.55	56.03	85.31	23.04	40.93
0.001	40.34	28.95	79.88	21.08	51.06	71.10	44.88	83.98	24.77	62.88
0.001	34.43	17.24	81.78	43.56	57.44	69.48	61.06	36.27	37.50	27.00
0.001	18.39	4.47	49.35	38.59	50.50	31.15	37.87	79.30	39.29	44.19
0.001	44.21	32.86	90.48	21.30	45.26	89.11	35.21	15.90	58.49	64.78
0.001	28.86	8.79	19.13	16.92	35.49	33.31	62.65	35.06	32.49	62.68
0.001	67.50	8.91	28.08	39.37	40.12	26.76	23.69	68.34	63.45	35.73
0.001	43.79	5.60	89.09	27.20	28.15	54.75	37.17	59.55	67.34	33.46
0.001	35.47	15.44	49.98	9.71	22.64	69.34	44.55	49.82	29.24	54.61
0.001	54.76	13.58	31.62	31.98	44.42	45.96	37.18	45.87	67.16	65.44
0.001	11.64	33.14	87.39	35.49	27.71	88.14	43.89	61.51	52.17	77.35
0.001	54.93	4.64	85.75	21.64	59.30	75.03	44.41	67.79	53.20	30.39
0.001	42.11	26.55	69.11	16.01	60.40	67.35	24.53	41.83	47.62	46.20
0.001	64.88	19.67	17.40	7.50	59.91	32.48	58.98	13.89	48.24	50.44
0.001	45.27	7.32	29.13	34.55	57.44	94.39	55.34	18.96	39.42	85.97
0.001	34.36	29.52	73.84	7.02	37.18	55.86	46.14	14.30	49.94	75.49
0.001	65.07	33.62	89.68	17.13	58.93	47.76	59.26	43.02	66.44	32.42
0.001	15.49	19.14	75.40	30.60	58.62	66.91	45.38	50.59	29.09	75.56
0.001	34.54	18.33	59.12	8.17	38.27	45.76	16.65	32.57	46.76	78.92
0.001	50.39	10.67	15.22	26.18	33.48	51.19	20.98	65.82	66.78	68.54
0.001	53.51	35.42	41.18	34.80	40.90	56.91	47.72	57.00	66.97	66.34
0.001	72.35	5.63	93.44	11.30	28.26	40.22	34.33	20.93	53.21	60.95
0.001	11.61	30.91	80.59	37.56	34.50	42.23	29.68	46.58	29.55	42.88
0.001	68.83	5.38	78.74	13.71	25.84	28.07	62.04	22.02	31.72	65.21
0.001	35.41	22.82	93.96	7.58	31.93	72.14	41.39	41.28	46.72	43.97
0.001	35.63	31.29	65.80	7.43	51.68	68.82	50.78	80.67	37.83	58.56
0.001	59.11	28.93	17.73	31.19	55.27	53.27	24.01	32.67	52.24	70.31
0.001	83.67	13.16	69.65	32.70	37.16	42.96	62.02	53.16	58.08	83.15
0.001	64.79	6.55	75.49	35.37	38.28	91.91	15.33	52.28	30.70	70.98
0.001	75.03	17.76	37.78	15.96	35.79	52.35	44.51	72.10	47.22	60.95
0.001	59.54	35.76	47.71	12.25	44.81	51.57	35.45	83.66	49.28	28.03
0.001	16.64	6.15	80.15	39.62	26.83	43.74	14.10	82.87	53.15	42.80
0.001	26.22	26.23	82.66	16.51	27.56	95.63	35.20	15.29	41.29	35.82
0.001	15.00	3.61	50.73	23.36	53.80	37.66	62.10	74.27	61.70	72.89
0.001	78.96	21.00	48.50	35.63	22.75	62.81	37.59	78.91	61.23	59.55
0.001	13.30	10.22	21.20	28.82	47.78	58.08	16.89	16.45	45.52	34.88
0.001	33.21	27.83	46.27	8.43	56.92	89.46	43.53	54.41	60.91	38.84
0.001	70.08	13.27	89.18	35.41	42.87	70.06	20.45	70.40	53.66	41.60
0.001	79.04	9.08	42.52	43.92	35.20	56.14	21.53	46.59	65.29	52.03
0.001	28.56	23.09	33.94	9.96	40.49	49.70	28.26	68.12	66.60	43.03
0.001	7.26	9.71	91.28	22.67	59.38	93.23	34.30	20.86	47.75	72.27
0.001	10.99	29.83	69.12	15.46	22.07	88.18	21.97	19.47	56.65	28.34
0.001	81.90	30.07	58.05	37.28	37.86	76.05	26.47	24.46	55.66	39.68
0.001	36.88	12.23	28.84	20.96	31.84	53.69	46.71	12.30	46.26	62.64
0.001	44.46	27.11	54.18	41.21	53.40	31.32	30.48	39.13	40.14	72.77
0.001	28.67	24.08	84.42	14.29	21.42	85.72	34.63	59.25	34.37	28.65
0.001	32.04	25.93	90.03	12.49	61.31	49.81	59.82	40.07	35.09	84.04
0.001	21.22	26.44	55.82	42.64	54.10	42.18	56.10	32.18	49.39	28.85
0.001	20.60	31.66	57.64	23.99	35.80	71.46	45.18	61.74	60.77	82.35
0.001	64.71	37.46	74.93	20.61	25.68	55.02	61.10	84.64	44.74	79.51
0.001	40.52	19.70	22.49	32.50	39.75	78.34	45.01	42.31	48.29	47.40
0.001	81.55	14.34	55.71	20.90	52.73	32.22	19.23	70.01	48.69	61.58
0.001	81.32	15.29	37.73	35.86	47.65	32.07	33.52	54.17	33.10	57.66
0.001	62.30	37.90	67.68	42.27	25.40	73.50	36.49	76.88	67.42	54.99
0.001	14.06	34.23	77.91	16.68	56.45	34.77	44.96	67.20	42.13	60.76
0.001	58.49	3.19	85.35	12.38	26.51	50.10	33.52	52.57	41.91	75.98
0.001	25.68	29.44	87.33	36.94	48.61	52.18	37.22	34.00	51.35	64.23
0.001	22.32	17.11	38.98	16.95	43.65	71.64	16.58	48.75	30.78	36.10
0.001	23.59	6.09	78.47	31.78	50.24	39.25	42.46	63.26	42.39	73.47
0.001	46.18	14.57	53.45	42.47	60.44	92.07	27.86	35.75	29.74	82.62
0.001	46.73	25.72	29.43	12.39	57.12	93.81	42.37	51.15	64.95	44.50
0.001	28.61	4.61	90.72	12.86	26.77	43.05	62.45	72.74	42.51	42.48
0.001	71.35	9.48	90.03	25.62	31.70	50.60	33.59	77.49	52.26	30.15
0.001	64.19	3.42	53.89	35.52	47.84	50.91	47.21	30.31	55.35	35.18
0.001	12.22	23.38	32.25	40.32	61.12	42.84	22.55	22.08	44.00	28.36
0.001	64.01	36.73	84.36	22.72	54.53	95.12	57.89	60.60	27.53	78.08
0.001	25.42	12.99	51.17	10.83	24.69	31.18	30.88	28.12	41.78	68.20
0.001	30.86	21.90	71.28	20.25	44.23	54.70	26.24	12.07	34.21	50.66
0.001	61.55	10.00	81.89	28.35	29.64	69.18	57.13	33.38	45.40	32.99
0.001	71.35	26.89	81.72	30.74	55.64	43.14	43.51	84.58	65.47	62.66
0.001	8.70	19.36	84.82	32.07	34.44	26.43	21.30	56.94	35.24	47.41
0.001	68.70	7.72	57.41	17.73	47.28	61.17	16.13	15.13	60.33	53.13
0.001	54.68	35.34	91.67	11.75	33.01	79.59	45.11	36.87	44.05	66.95
0.001	73.49	32.53	90.03	8.76	42.68	37.18	21.45	84.75	31.35	40.13
0.001	62.76	23.34	75.03	21.36	43.95	91.26	35.96	32.36	57.91	56.37
0.001	65.32	28.54	18.91	16.96	47.81	31.28	51.66	80.01	67.89	38.38
0.001	40.96	5.41	48.42	19.33	47.26	95.76	39.44	17.38	60.78	72.01
0.001	19.95	35.25	26.81	19.70	34.33	79.42	50.04	44.07	67.25	35.37
0.001	79.09	32.46	19.25	21.17	25.02	80.89	49.58	66.47	24.93	69.89
0.001	14.85	21.38	34.33	24.68	32.65	36.47	42.89	53.29	28.05	28.65
0.001	43.09	9.78	66.39	27.59	41.11	74.31	41.81	29.08	49.83	44.09
0.001	57.67	17.11	92.54	39.07	47.70	75.24	27.90	64.61	22.75	71.80
0.001	24.65	13.38	48.59	9.32	21.04	72.97	20.43	85.57	37.31	77.15
0.001	62.05	35.47	63.01	39.96	52.54	57.07	41.99	67.75	57.64	85.91
0.001	68.19	28.53	80.75	20.26	33.55	56.50	51.14	39.51	58.49	44.84
0.001	42.34	36.59	78.33	26.70	61.66	66.15	41.58	68.92	66.26	53.65
0.001	24.53	13.36	49.86	33.07	38.54	92.67	32.22	58.90	23.44	81.79
0.001	15.39	33.26	74.45	10.07	57.07	76.39	26.21	64.54	52.38	80.17
0.001	33.79	34.44	32.32	19.76	47.67	76.51	29.06	61.21	51.08	83.96
0.001	50.28	34.61	77.65	14.80	35.57	33.83	51.43	16.81	35.99	46.57
0.001	55.42	7.40	28.69	30.81	25.87	47.41	40.85	24.30	35.79	32.17
0.001	65.04	3.93	39.96	33.09	59.28	31.59	27.28	61.39	30.25	60.64
0.001	32.50	6.61	55.90	37.63	48.73	61.17	51.10	74.17	40.25	69.00
0.001	35.77	30.62	65.74	9.69	45.13	55.63	49.30	70.47	58.76	50.79
0.001	67.19	13.40	39.68	26.69	49.48	97.76	29.63	70.39	40.54	59.74
0.001	53.51	26.28	24.37	30.27	54.81	50.12	41.67	85.74	55.53	78.46
0.001	49.02	7.68	92.42	28.58	53.98	63.30	32.11	34.87	37.75	50.51
0.001	55.72	29.84	27.89	37.22	61.18	31.34	37.68	76.08	47.69	84.87
0.001	18.20	11.28	53.92	10.14	39.32	93.70	38.67	82.23	43.81	50.53
0.001	52.00	21.78	22.35	36.45	60.02	70.70	53.06	46.99	61.69	33.26
0.001	16.52	34.64	25.98	31.99	23.46	73.44	20.42	33.28	31.99	80.62
0.001	9.93	11.64	75.25	12.08	24.07	93.61	18.22	35.12	24.43	73.57
0.001	8.83	20.36	56.60	27.02	39.94	88.68	29.71	79.83	67.77	69.04
0.001	32.32	4.88	46.06	35.70	28.05	39.98	30.24	45.96	23.17	56.73
0.001	51.25	34.60	32.57	30.63	24.99	84.50	42.35	67.62	53.08	61.66
0.001	40.73	4.73	77.99	22.00	44.33	54.23	17.81	29.51	46.15	39.10
0.001	57.05	16.38	63.56	18.82	47.37	60.70	61.44	62.62	53.29	78.07
0.001	66.06	26.87	60.14	40.14	60.26	76.99	60.95	68.09	41.91	77.42
0.001	9.12	3.16	59.24	10.48	43.01	44.89	41.38	15.99	57.23	41.13
0.001	15.01	36.70	57.49	21.60	60.89	25.24	28.43	76.85	55.00	28.99
0.001	10.71	36.31	93.06	21.32	59.97	35.13	19.05	34.41	65.75	55.74
0.001	76.73	7.48	80.68	23.75	43.23	74.84	46.24	20.50	34.45	71.31
0.001	57.35	31.14	65.34	28.63	28.11	70.28	57.55	63.49	26.84	55.11
0.001	60.90	3.27	64.26	16.10	56.70	76.59	29.97	55.97	60.13	31.96
0.001	17.78	6.30	26.47	43.09	32.23	79.13	21.52	36.50	46.15	83.22
0.001	13.70	19.51	19.68	34.95	34.61	95.92	33.89	29.47	52.10	40.18
0.001	14.49	22.44	58.76	37.24	43.18	33.16	60.81	71.46	60.06	62.91
0.001	7.66	12.68	53.14	38.67	39.69	74.48	62.03	66.33	65.68	34.23
0.001	10.64	34.77	21.50	23.56	44.82	95.52	22.48	32.44	59.91	84.49
0.001	53.58	4.55	42.08	32.12	39.34	43.56	51.73	36.32	24.06	56.22
0.001	50.97	14.21	22.28	19.98	47.29	85.69	27.75	52.14	55.04	65.18
0.001	80.39	3.08	74.86	14.60	42.32	28.13	38.33	76.42	54.14	43.94
0.001	35.62	3.66	34.74	10.61	30.05	68.49	22.66	15.06	31.55	31.57
0.001	33.81	11.05	66.47	27.40	49.14	75.38	56.74	64.72	58.26	28.96
0.001	72.14	12.71	83.95	43.08	59.96	88.84	42.11	26.10	57.66	53.96
0.001	29.89	27.34	43.58	40.25	44.18	67.92	37.69	77.72	66.98	85.02
0.001	71.20	30.74	29.64	9.36	38.07	55.74	38.62	40.38	42.47	60.47
0.001	42.48	12.31	55.32	36.64	36.57	85.16	40.83	54.43	48.42	39.68
0.001	16.28	13.44	85.46	24.90	23.45	39.38	28.37	78.90	43.51	49.49
0.001	45.15	24.79	91.81	8.07	60.82	85.14	38.31	64.56	40.18	33.06
0.001	45.46	26.29	52.90	41.23	34.20	64.01	60.21	34.83	47.96	47.20
0.001	33.34	22.48	76.50	40.80	34.49	71.77	41.44	64.98	47.07	64.72
0.001	24.55	14.62	90.16	14.74	31.86	97.05	25.09	53.76	59.50	31.36
0.001	81.46	27.20	17.47	20.76	50.45	36.34	46.86	39.08	59.54	33.62
0.001	50.49	7.04	39.80	34.34	37.02	55.75	37.33	31.55	29.75	66.81
0.001	82.84	35.54	85.39	34.20	61.62	61.36	49.79	30.91	39.75	75.95
0.001	50.13	24.90	27.20	18.01	51.10	60.90	18.94	39.26	40.79	40.37
0.001	11.50	24.13	44.08	33.69	34.88	54.86	36.72	23.01	58.05	64.83
0.001	29.82	9.20	58.79	21.38	34.34	62.02	60.43	17.39	22.64	32.55
0.001	27.84	8.82	61.76	18.03	56.32	84.07	29.12	79.93	25.80	64.81
0.001	28.57	3.57	42.98	40.44	42.44	77.64	60.37	45.46	54.46	27.79
0.001	24.73	27.74	50.17	31.79	43.04	34.45	49.09	49.23	59.65	80.01
0.001	41.42	17.45	68.90	41.86	30.17	54.92	58.61	18.38	28.58	33.72
0.001	47.63	22.80	43.64	29.63	49.65	28.51	31.06	40.44	37.28	45.99
0.001	70.71	37.72	75.66	39.89	33.47	69.68	24.10	37.58	43.31	35.54
0.001	56.41	21.93	65.31	14.01	28.64	62.75	52.32	66.54	38.20	71.77
0.001	71.84	27.26	59.67	10.02	61.41	33.72	14.04	74.86	37.20	35.49
0.001	17.59	5.58	51.58	7.35	30.40	34.49	45.02	38.62	67.55	40.82
0.001	10.13	7.15	78.00	29.08	29.02	79.29	35.86	56.67	41.92	28.92
0.001	81.44	9.83	78.30	10.25	42.02	49.95	30.19	62.83	22.51	30.64
0.001	41.21	8.04	83.14	34.60	45.31	50.67	36.05	12.65	59.44	74.48
0.001	60.99	5.04	19.81	31.25	34.62	80.69	42.68	61.38	61.38	29.88
0.001	43.83	14.44	64.41	31.32	22.25	32.65	28.55	81.85	23.86	42.12
0.001	21.48	9.77	91.03	15.29	38.45	65.90	35.30	84.07	36.75	54.10
0.001	56.24	12.55	36.28	15.35	22.19	95.43	27.65	77.10	63.51	49.01
0.001	41.06	25.48	93.64	19.52	31.51	54.88	56.10	43.27	40.02	46.68
0.001	23.03	20.09	70.07	29.46	29.36	48.48	15.53	26.26	46.29	66.49
0.001	49.00	3.53	42.22	25.50	47.70	47.12	37.77	37.69	42.41	61.62
0.001	47.84	21.34	86.60	9.77	48.10	67.03	41.18	76.47	61.89	26.52
0.001	24.28	37.57	38.27	22.33	54.96	76.61	26.03	52.95	60.28	50.78
0.001	40.37	5.02	34.12	33.26	52.73	67.48	22.04	26.38	43.46	56.06
0.001	36.74	33.22	90.59	23.39	47.53	41.76	62.46	80.71	66.57	39.96
0.001	68.14	28.86	79.03	18.73	34.32	52.08	45.74	41.22	39.31	33.27
0.001	72.11	30.50	16.03	26.86	26.92	45.30	32.57	54.00	54.71	53.46
0.001	15.45	11.72	29.67	21.02	38.02	29.76	15.00	81.80	50.83	53.83
0.001	37.80	23.80	82.59	14.80	48.29	63.93	52.36	70.97	62.14	44.74
0.001	68.00	30.79	33.42	35.41	38.80	82.74	48.30	20.55	59.52	45.77
0.001	54.67	11.95	34.84	7.71	59.17	25.94	17.38	30.85	40.52	45.04
0.001	24.19	3.14	61.82	32.46	48.11	83.60	45.36	70.42	36.03	64.08
0.001	21.99	35.08	59.25	40.62	32.44	28.27	57.55	31.84	57.47	71.00
0.001	55.28	25.63	37.37	40.88	22.32	45.07	47.87	40.37	49.93	82.52
0.001	80.30	5.19	19.94	39.42	54.03	34.09	14.24	78.60	63.96	63.91
0.001	34.47	34.33	38.90	35.22	33.86	41.56	37.51	15.74	57.84	81.39
0.001	80.19	35.02	16.83	41.13	27.59	27.57	43.54	31.05	62.07	75.52
0.001	82.63	36.60	18.99	34.70	32.60	36.69	54.94	81.83	65.64	55.49
0.001	12.61	22.90	34.59	24.23	38.35	66.48	32.06	68.17	47.13	62.41
0.001	8.11	18.36	45.37	10.06	59.13	55.76	20.13	35.46	28.11	48.54
0.001	12.19	27.19	35.37	11.70	60.55	68.85	41.25	85.54	64.71	78.76
0.001	58.75	19.04	28.43	22.17	57.20	31.38	45.94	69.26	64.60	76.58
0.001	48.64	21.35	31.97	23.82	46.21	83.45	43.97	62.35	37.95	74.65
0.001	79.46	7.80	62.70	36.29	56.38	64.93	55.05	62.81	43.81	53.82
0.001	50.18	37.07	91.62	25.35	44.94	83.01	34.49	22.80	28.40	35.01
0.001	21.08	3.36	33.78	40.62	61.52	49.87	30.17	82.54	64.17	27.65
0.001	27.58	28.85	27.21	25.70	21.17	69.29	24.46	22.67	22.43	73.97
0.001	74.28	25.12	87.00	30.21	38.93	68.23	16.30	15.51	27.66	47.94
0.001	62.73	4.10	85.00	41.28	49.70	83.37	20.48	79.37	46.72	31.46
0.001	81.83	27.12	19.84	13.93	22.60	70.90	16.61	64.70	46.88	31.52
0.001	19.36	27.41	43.14	35.61	29.15	82.96	49.93	54.68	33.77	37.36
0.001	85.83	26.52	56.49	17.80	32.37	27.86	36.68	59.78	54.78	33.21
0.001	69.52	29.76	63.73	36.58	27.33	75.35	28.08	53.17	45.73	29.63
0.001	45.45	9.63	66.95	7.60	59.02	29.44	43.51	52.77	33.84	67.55
0.001	35.44	24.04	25.11	36.51	22.18	64.00	58.06	83.96	33.04	45.97
0.001	34.52	33.36	70.83	12.16	45.01	75.21	26.11	24.40	49.76	47.79
0.001	41.85	10.22	84.70	19.08	21.48	29.79	62.82	16.17	57.59	76.28
0.001	41.65	31.72	80.51	41.00	31.03	28.43	47.72	46.33	43.09	46.22
0.001	48.97	3.03	53.78	29.65	51.17	41.52	42.29	20.76	34.53	61.63
0.001	17.65	29.18	58.58	19.95	51.98	76.37	42.43	32.99	44.49	36.33
0.001	11.15	34.61	73.30	10.87	61.03	38.50	59.80	57.06	30.91	33.25
0.001	22.69	37.52	39.21	33.80	38.81	43.59	60.98	47.76	29.66	32.15
0.001	43.23	15.29	51.90	40.98	52.55	50.98	18.46	42.40	60.14	72.96
0.001	60.51	28.94	54.85	40.28	45.39	51.00	28.20	77.49	46.16	66.91
0.001	48.20	33.00	37.81	31.70	25.24	51.97	29.83	47.76	29.08	50.62
0.001	50.64	4.76	89.36	7.70	27.26	40.57	19.13	42.87	55.83	26.73
0.001	24.23	9.04	15.16	16.92	55.29	33.87	62.41	56.15	61.64	60.89
0.001	63.11	30.38	85.02	13.05	35.23	59.66	41.31	18.78	56.57	79.14
0.001	21.21	16.71	68.71	42.54	58.28	39.21	19.38	33.80	34.45	57.53
0.001	79.64	16.58	63.80	25.67	61.94	77.36	24.40	66.47	46.88	60.21
0.001	62.09	35.47	68.00	13.29	26.30	38.09	40.10	28.07	41.16	74.40
0.001	35.68	29.36	24.41	26.05	38.94	77.62	58.38	60.11	23.85	37.81
0.001	23.13	9.72	44.52	43.27	29.80	50.07	38.91	57.06	32.17	70.87
0.001	55.45	21.53	77.04	7.29	49.92	62.21	24.03	43.40	35.32	46.84
0.001	59.07	19.73	25.77	35.03	36.84	93.53	16.28	30.01	35.15	54.78
0.001	52.31	29.46	77.03	32.87	47.66	31.73	38.65	74.11	51.66	78.47
0.001	32.98	25.62	23.96	9.36	21.86	90.50	56.88	29.15	22.26	45.11
0.001	80.20	27.00	36.85	8.68	60.92	61.13	62.80	74.88	51.38	77.13
0.001	59.26	8.45	66.78	24.84	28.26	65.01	41.57	18.46	61.43	38.69
0.001	28.80	37.66	27.87	32.04	52.55	66.01	17.17	52.53	56.15	83.50
0.001	12.65	33.52	47.18	37.94	53.19	38.38	60.19	85.04	60.08	47.06
0.001	15.44	29.79	82.81	30.29	45.31	40.89	56.92	73.22	23.19	60.25
0.001	13.47	31.20	55.71	26.77	55.17	76.78	30.44	16.26	47.21	82.11
0.001	38.49	7.06	79.69	41.89	60.05	91.35	47.03	22.52	34.50	34.69
0.001	57.67	36.82	82.73	35.05	61.86	36.21	18.89	71.38	50.28	80.02
0.001	65.81	32.85	59.88	14.48	58.71	79.00	39.74	47.41	26.20	84.14
0.001	75.90	13.70	21.75	13.98	60.64	51.54	15.90	60.77	31.77	63.50
0.001	23.54	36.73	42.54	26.15	23.74	61.69	39.64	44.82	50.01	59.88
0.001	17.47	17.33	94.77	21.94	30.69	38.38	16.56	42.17	28.84	50.07
0.001	28.35	6.11	54.18	42.08	41.03	42.55	22.17	31.47	29.73	67.15
0.001	81.48	26.02	89.45	43.34	35.05	30.84	19.36	54.75	43.37	44.34
0.001	9.80	19.19	52.31	25.64	30.57	35.55	39.24	75.08	24.00	38.13
0.001	46.71	10.16	88.13	37.48	57.36	54.12	44.13	62.54	66.68	58.80
0.001	37.61	28.23	71.15	42.52	32.44	87.70	37.96	21.39	51.81	26.08
0.001	77.59	9.30	70.75	36.17	32.96	65.54	15.99	23.03	39.57	66.08
0.001	14.46	32.64	93.38	23.55	29.18	73.56	56.40	65.29	45.56	58.16
0.001	48.70	14.28	50.38	26.60	45.88	34.38	41.92	13.40	49.38	67.18
0.001	80.13	24.58	86.95	21.32	60.76	58.44	19.48	41.95	44.40	45.28
0.001	51.40	37.50	52.86	33.21	51.28	76.16	17.15	75.91	57.46	65.81
0.001	29.67	27.89	27.29	37.31	41.37	63.52	50.60	27.69	23.22	41.74
0.001	11.76	16.07	25.79	7.31	41.35	56.40	33.80	30.76	53.71	71.24
0.001	79.20	23.84	25.56	29.61	40.02	83.58	14.57	35.48	45.74	59.50
0.001	38.16	28.70	45.11	15.60	61.90	37.54	39.78	37.95	49.33	55.40
0.001	68.12	31.03	85.31	42.23	48.58	86.71	33.27	26.29	64.08	80.20
0.001	43.52	15.59	60.06	12.41	29.70	84.95	53.41	53.44	22.74	59.48
0.001	8.71	32.96	36.89	32.70	46.55	41.08	61.13	32.77	32.67	76.87
0.001	60.89	20.08	62.78	43.52	49.96	84.63	49.91	39.30	40.36	85.83
0.001	26.60	34.78	29.71	27.49	30.36	68.66	15.66	68.66	28.31	65.01
0.001	7.61	31.38	74.09	25.44	47.64	36.02	51.32	62.80	66.09	34.70
0.001	27.93	32.82	43.48	36.24	29.89	60.68	32.28	82.01	23.53	63.49
0.001	11.83	28.32	72.81	9.91	36.54	67.36	47.10	18.32	27.87	53.49
0.001	30.50	6.17	29.09	19.45	42.41	30.74	16.75	19.29	45.46	64.05
0.001	65.97	19.00	16.72	35.44	60.42	67.75	27.74	72.68	55.94	35.59
0.001	49.38	27.27	90.00	41.00	23.90	49.08	31.38	58.50	33.79	68.11
0.001	68.80	5.41	64.36	20.77	48.28	74.92	32.46	33.31	23.31	36.97
0.001	68.03	7.90	82.19	20.51	35.68	90.10	31.28	17.02	26.11	60.69
0.001	74.34	19.43	36.54	42.16	44.26	87.70	57.04	53.99	31.06	30.73
0.001	45.00	17.69	47.54	41.46	40.91	96.77	46.19	42.75	40.08	47.52
0.001	15.48	25.13	62.57	22.85	30.76	38.58	25.35	42.35	29.94	56.28
0.001	81.45	11.19	84.41	28.29	50.30	68.55	49.98	83.21	49.62	44.66
0.001	28.11	24.07	79.81	14.87	24.93	52.24	56.91	72.41	55.06	73.32
0.001	79.67	7.68	55.75	38.97	47.79	43.61	57.31	72.72	61.36	64.26
0.001	10.70	25.63	60.94	14.25	24.87	87.54	57.64	82.03	62.29	62.29
0.001	43.51	31.08	91.35	12.75	39.59	30.77	55.63	71.74	38.75	47.60
0.001	39.24	26.62	68.01	27.18	26.03	74.50	40.41	16.55	43.26	36.93
0.001	70.20	24.28	75.77	9.66	44.56	86.41	33.25	27.90	53.28	69.25
0.001	23.23	17.06	67.71	28.24	31.31	38.68	42.78	72.19	34.02	62.46
0.001	15.01	3.10	64.72	34.48	25.68	93.94	26.68	68.25	22.04	85.00
0.001	46.19	28.81	64.12	26.67	24.07	50.95	52.87	25.42	47.08	59.17
0.001	35.96	30.48	44.21	19.85	56.93	61.84	21.72	13.14	64.80	66.20
0.001	34.01	14.11	68.43	7.53	53.28	67.12	24.21	51.02	57.43	61.59
0.001	70.83	25.51	80.15	24.90	43.73	91.11	54.72	71.93	25.98	49.39
0.001	77.12	7.64	71.61	43.47	23.92	52.81	36.72	30.98	27.04	58.55
0.001	14.77	18.20	26.11	39.85	37.93	75.35	56.17	60.44	52.60	49.33
0.001	16.17	36.99	89.08	34.53	32.14	82.09	46.93	71.03	38.74	61.98
0.001	68.88	35.55	18.65	42.90	55.03	67.88	35.61	30.60	55.84	59.84
0.001	33.44	17.66	84.79	42.65	30.43	40.27	58.80	64.51	38.69	34.87
0.001	14.49	16.34	55.53	40.36	24.50	53.36	23.72	64.14	53.70	70.79
0.001	46.20	28.72	21.54	36.60	29.43	29.40	25.45	78.87	51.70	79.12
0.001	47.94	24.89	58.28	41.11	32.84	65.80	48.85	32.65	43.25	34.88
0.001	39.91	19.78	62.10	31.73	44.39	55.12	35.95	49.50	22.05	75.43
0.001	80.55	19.69	72.81	25.56	56.63	95.43	53.55	72.61	59.43	79.03
0.001	8.68	13.22	91.50	32.38	22.51	67.08	41.97	67.09	49.05	69.75
0.001	36.96	19.45	60.90	27.45	25.80	82.96	38.80	36.15	58.09	33.83
0.001	75.34	17.26	76.74	17.05	35.70	66.68	27.46	68.65	26.16	74.08
0.001	66.95	34.92	67.98	12.67	38.06	96.91	35.61	84.97	64.19	49.54
0.001	19.11	8.39	16.10	12.14	49.19	32.06	36.69	50.53	37.27	49.38
0.001	75.58	25.43	24.83	26.73	56.57	49.27	47.03	65.50	37.78	47.22
0.001	22.08	37.62	79.47	8.29	49.94	63.66	51.04	69.59	29.04	32.68
0.001	9.32	23.60	43.69	18.07	58.53	59.12	22.99	36.74	54.01	66.90
0.001	61.47	6.19	26.81	16.47	22.55	60.85	24.76	80.62	65.41	74.62
0.001	65.16	27.55	72.00	17.22	59.84	27.43	36.07	55.18	51.28	70.21
0.001	35.17	9.10	51.33	8.84	35.08	62.05	15.80	83.51	50.16	42.07
0.001	44.71	34.59	39.24	43.76	56.81	64.20	49.38	35.88	46.26	64.84
0.001	25.41	24.86	92.43	30.41	58.86	79.79	32.75	71.29	62.78	46.11
0.001	82.59	20.89	79.31	22.91	38.15	63.05	34.65	64.19	41.59	44.62
0.001	69.35	15.99	45.41	40.10	41.70	59.35	53.11	81.64	34.23	39.21
0.001	64.94	5.80	52.05	23.02	35.35	29.96	29.81	48.50	53.58	34.26
0.001	53.56	14.51	45.89	8.04	41.09	92.50	27.61	47.76	28.74	83.06
0.001	78.57	22.84	84.47	9.21	23.98	75.99	37.02	79.05	23.59	85.40
0.001	82.16	5.02	42.20	40.93	49.03	58.84	62.42	50.52	44.94	57.19
0.001	63.64	20.73	43.57	26.98	32.81	41.68	52.14	53.33	44.44	27.84
0.001	48.49	28.95	74.71	9.00	31.77	50.82	58.77	29.23	29.24	27.17
0.001	23.57	29.25	44.49	21.93	26.34	38.79	21.81	19.61	67.25	67.81
0.001	58.87	7.18	56.47	25.71	49.46	95.91	23.86	28.55	43.86	43.44
0.001	57.01	5.11	31.38	31.95	37.05	35.13	55.98	79.04	29.38	70.43
0.001	8.00	14.74	70.31	11.29	55.30	29.32	22.89	30.03	30.41	60.79
0.001	15.74	33.37	46.81	16.98	31.73	64.88	56.37	59.84	43.33	55.27
0.001	43.75	23.57	21.61	23.21	46.64	37.41	45.74	84.37	57.22	82.66
0.001	15.04	12.97	47.31	8.03	24.89	44.43	51.91	47.18	54.16	53.62
0.001	26.45	7.09	94.08	14.58	39.28	53.49	19.11	73.96	43.37	79.75
0.001	27.94	8.40	31.57	33.74	51.51	26.11	33.22	77.53	53.61	35.38
0.001	85.85	11.46	70.11	33.56	44.28	29.84	43.77	77.64	31.09	71.58
0.001	18.32	24.24	27.02	22.34	36.17	57.34	26.04	83.64	41.90	42.05
0.001	56.43	28.19	74.00	28.53	59.32	97.43	39.00	82.67	67.00	27.62
0.001	27.31	37.80	58.97	30.86	38.31	79.66	20.95	82.80	63.34	49.59
0.001	33.07	11.18	93.99	19.51	29.55	48.17	16.19	67.16	63.23	45.59
0.001	20.22	27.98	89.49	25.17	31.70	96.66	42.13	73.72	49.53	56.98
0.001	33.95	9.36	66.79	19.36	25.76	81.54	46.03	67.38	35.33	42.96
0.001	71.12	6.92	57.33	22.62	47.92	96.49	25.93	74.16	25.40	37.29
0.001	27.07	22.65	92.29	17.98	26.59	72.82	26.86	34.83	49.89	70.09
0.001	21.60	15.47	35.90	25.96	32.58	95.28	14.49	52.29	59.24	33.16
0.001	81.82	14.97	19.78	26.17	21.21	52.49	50.54	46.19	30.16	44.92
0.001	82.62	25.20	79.49	40.40	57.84	39.07	52.36	64.90	59.59	68.37
0.001	60.52	33.83	82.71	20.49	21.52	55.21	21.16	36.81	28.22	35.78
0.001	34.81	17.48	84.60	16.27	57.46	49.99	39.24	27.50	40.05	51.24
0.001	77.40	33.06	63.98	9.48	59.35	95.90	58.15	82.39	37.07	55.21
0.001	23.58	7.49	86.93	31.64	37.15	64.21	28.64	62.45	55.72	36.30
0.001	31.74	34.21	74.52	15.88	50.58	31.91	26.66	16.93	26.45	40.08
0.001	71.50	23.76	89.31	8.63	27.95	93.99	29.36	23.19	59.89	41.24
0.001	27.97	37.93	86.12	10.04	22.91	74.76	27.88	70.55	27.66	65.36
0.001	46.36	34.13	94.49	9.66	50.70	60.65	36.58	74.51	45.00	51.50
0.001	73.54	16.89	86.43	38.29	26.18	91.98	50.83	63.86	48.64	39.23
0.001	47.88	13.38	35.19	16.02	33.62	29.84	42.45	71.63	67.42	75.23
0.001	22.81	18.03	89.72	31.39	36.78	38.80	54.91	45.11	38.30	39.27
0.001	38.91	36.71	89.07	35.98	59.20	47.77	42.43	43.96	25.15	31.24
0.001	59.65	35.31	17.94	28.71	33.26	74.74	43.80	17.36	25.28	63.27
0.001	8.82	26.58	80.64	23.78	25.85	28.95	35.79	59.06	64.77	54.88
0.001	17.87	16.90	86.14	10.88	49.22	64.38	54.16	45.74	50.28	28.61
0.001	23.66	22.26	31.89	36.91	61.38	73.04	35.88	84.50	66.38	31.25
0.001	8.36	17.66	15.81	35.53	55.80	53.70	29.19	24.28	44.65	36.21
0.001	57.30	22.08	38.78	20.59	57.08	28.64	47.97	48.72	65.76	76.18
0.001	7.60	20.96	27.28	35.42	51.25	84.46	44.64	77.10	57.15	29.99
0.001	80.13	16.10	74.85	33.53	54.72	90.25	44.20	57.31	61.62	55.88
0.001	24.40	5.91	44.86	14.93	23.52	40.21	43.63	65.09	46.67	35.01
0.001	7.31	12.13	84.89	10.25	58.54	32.38	14.23	34.55	36.38	63.01
0.001	64.93	3.54	21.41	23.59	53.81	51.42	16.24	64.72	58.36	49.57
0.001	19.30	13.34	59.69	19.50	46.13	49.50	58.83	35.06	65.72	55.55
0.001	78.54	33.77	77.26	26.45	32.68	74.92	52.80	57.14	55.91	79.70
0.001	78.85	5.89	59.93	33.58	53.59	90.02	61.79	22.60	43.93	57.96
0.001	19.88	22.11	68.00	22.05	26.31	87.08	31.53	38.38	22.47	50.62
0.001	48.06	29.88	58.15	22.41	61.03	32.23	43.26	75.47	44.68	59.20
0.001	42.94	36.14	59.86	14.21	45.72	74.28	24.45	38.17	36.37	40.02
0.001	30.80	12.99	30.23	17.82	54.73	40.68	27.38	15.79	43.40	30.11
0.001	28.27	31.00	26.33	17.63	24.47	38.32	37.93	22.92	36.44	85.79
0.001	13.15	7.04	82.55	21.87	52.28	27.48	33.06	12.73	26.81	59.88
0.001	57.50	34.64	93.76	39.02	38.88	77.71	60.28	27.56	25.32	31.06
0.001	17.37	29.10	92.89	22.13	30.52	71.94	31.90	22.95	28.26	66.64
0.001	71.12	22.86	55.31	10.27	56.51	36.46	44.51	46.34	30.83	26.44
0.001	61.78	34.88	35.22	32.31	60.35	38.50	29.96	38.65	64.21	80.19
0.001	31.01	31.44	42.19	39.19	22.56	50.16	31.11	17.24	27.40	32.95
0.001	80.09	37.57	58.77	34.10	43.10	64.32	22.56	29.91	32.76	49.88
0.001	29.61	22.36	60.39	33.93	33.03	26.17	30.70	15.94	51.48	84.11
0.001	22.50	37.76	25.17	40.99	53.35	40.98	41.85	41.76	24.72	28.10
0.001	41.96	13.36	65.04	23.09	43.34	52.04	26.16	13.36	57.31	65.65
0.001	70.16	35.49	40.28	13.93	41.46	66.41	41.54	34.49	41.22	80.42
0.001	37.70	21.90	94.93	8.57	33.81	96.96	60.45	47.54	59.50	29.30
0.001	62.41	35.81	78.82	37.05	52.04	86.44	55.15	14.70	61.21	79.90
0.001	41.21	37.68	53.86	16.11	39.55	27.65	34.16	54.63	33.32	45.12
0.001	54.75	30.89	83.11	33.54	54.47	73.54	36.91	42.04	26.08	56.78
0.001	70.83	23.18	16.66	31.57	55.00	34.22	55.14	60.59	51.13	44.31
0.001	35.63	19.27	94.76	23.86	31.10	72.51	53.12	71.64	41.15	83.64
0.001	77.54	30.89	32.85	18.26	37.31	93.16	17.82	85.62	54.78	85.46
0.001	83.83	4.70	59.42	9.69	34.60	59.36	57.80	46.22	67.61	76.13
0.001	37.85	6.58	90.85	11.02	59.50	55.56	57.98	28.99	56.99	43.14
0.001	73.52	17.11	23.76	33.93	50.02	41.22	37.20	78.56	33.59	69.25
0.001	66.74	26.70	62.66	24.07	53.88	45.42	21.34	44.05	61.67	75.83
0.001	20.12	7.28	84.22	19.25	28.56	70.25	38.88	30.05	59.66	31.88
0.001	69.93	12.60	15.63	12.51	45.62	95.67	48.13	27.97	53.64	71.68
0.001	80.42	21.74	83.71	39.72	47.79	67.00	55.13	26.58	36.04	77.64
0.001	71.40	11.75	49.97	40.51	43.97	85.06	57.32	28.14	67.09	32.66
0.001	51.37	6.37	30.67	7.95	37.45	27.99	61.69	62.81	48.87	75.21
0.001	25.56	13.05	72.70	23.27	53.73	50.26	58.50	70.19	37.49	77.58
0.001	12.84	32.89	23.19	27.63	59.07	71.59	19.49	70.10	45.49	37.41
0.001	41.72	22.23	66.17	14.46	61.53	82.84	53.38	63.04	41.25	48.39
0.001	7.40	10.85	90.35	23.44	29.28	33.03	21.37	29.59	48.48	72.57
0.001	77.27	19.88	58.66	27.60	25.03	73.06	58.02	73.85	32.79	54.30
0.001	75.12	33.45	32.50	18.60	44.94	25.52	36.20	78.70	47.98	30.78
0.001	53.53	33.22	76.33	30.31	50.75	72.70	47.10	22.68	43.66	31.34
0.001	67.72	17.10	82.81	26.43	32.37	88.79	52.68	28.83	62.29	85.73
0.001	11.99	13.57	56.28	18.84	33.31	72.42	27.00	36.02	30.71	70.73
0.001	55.46	4.60	35.80	42.92	53.14	32.88	31.52	57.93	39.44	80.06
0.001	45.44	29.52	49.36	37.09	38.57	38.85	14.43	51.96	44.94	27.06
0.001	10.72	14.94	88.84	12.77	28.16	36.71	42.77	68.14	65.72	79.89
0.001	25.42	14.58	68.14	43.21	26.92	55.04	30.19	74.05	52.57	33.95
0.001	75.23	18.15	71.94	14.56	45.35	29.32	33.87	64.55	61.94	63.75
0.001	59.13	5.11	60.97	18.75	52.94	51.80	21.35	79.57	46.10	43.52
0.001	49.30	23.26	35.29	33.68	39.37	32.32	33.92	62.15	67.12	67.65
0.001	25.22	30.20	41.62	24.34	40.37	93.90	15.98	30.09	67.27	64.41
0.001	28.73	25.09	45.64	35.80	28.10	74.70	37.69	45.44	28.83	48.92
0.001	47.47	12.86	68.54	25.10	48.53	34.76	14.80	49.55	64.56	36.23
0.001	72.81	14.04	91.80	42.26	57.98	80.48	43.79	40.07	24.02	64.71
0.001	29.67	17.14	45.41	15.19	27.34	48.97	22.65	82.79	49.15	31.78
0.001	62.56	29.25	61.26	12.22	46.31	39.09	61.22	52.94	37.87	28.68
0.001	15.52	8.79	50.09	15.81	31.82	97.06	29.57	26.40	30.82	77.82
0.001	8.69	3.58	19.56	30.24	55.25	95.26	50.38	17.70	56.77	77.65
0.001	60.16	18.36	65.71	22.50	52.79	27.58	51.84	80.90	22.57	70.36
0.001	50.01	36.26	85.75	22.14	58.47	42.31	40.70	18.03	46.92	62.75
0.001	57.03	5.36	23.25	23.09	56.57	27.10	44.59	63.75	46.92	56.13
0.001	47.07	7.31	65.02	14.65	52.82	58.31	15.79	76.70	24.87	59.09
0.001	62.89	13.84	26.88	13.00	58.44	87.72	42.02	80.40	36.66	77.62
0.001	54.75	21.27	59.41	41.33	40.42	26.28	14.98	38.12	48.36	56.68
0.001	58.56	4.05	40.58	30.62	45.26	45.00	32.81	68.60	29.76	65.70
0.001	67.86	16.26	25.96	40.18	23.09	35.12	19.03	65.91	60.23	49.05
0.001	79.22	33.29	37.14	42.83	28.46	89.13	35.69	73.86	45.69	48.94
0.001	52.64	20.34	15.54	18.47	58.49	57.53	61.18	33.19	62.25	82.80
0.001	22.12	37.96	26.58	34.16	44.74	33.16	29.08	72.84	54.97	31.43
0.001	21.18	32.74	28.11	31.69	36.75	75.66	25.90	28.61	54.18	76.76
0.001	79.49	23.30	88.81	32.40	61.44	54.46	42.16	32.96	59.45	62.72
0.001	72.19	8.99	29.77	28.94	43.01	62.01	34.47	36.11	52.43	37.14
0.001	13.90	3.08	76.24	29.62	39.87	42.26	46.04	54.37	67.79	36.46
0.001	12.21	21.10	24.97	18.09	54.25	54.81	17.15	45.13	29.98	56.30
0.001	81.21	26.54	41.65	28.95	26.00	49.42	56.10	22.52	40.51	46.45
0.001	10.32	36.57	53.99	40.54	25.31	38.44	17.77	23.04	64.26	75.27
0.001	43.22	30.30	31.34	38.27	54.24	94.69	44.22	17.19	49.65	82.22
0.001	8.20	18.67	52.71	34.55	56.17	92.63	61.74	59.15	39.32	43.68
0.001	8.06	28.86	60.31	10.43	43.38	43.62	51.54	79.91	59.57	42.54
0.001	39.43	14.50	63.27	29.03	22.23	41.50	47.77	36.42	33.80	84.41
0.001	76.36	30.57	60.26	9.76	56.64	53.82	26.61	43.65	28.04	70.58
0.001	74.29	12.78	42.44	40.84	58.71	46.98	59.84	17.09	29.52	38.98
0.001	76.50	8.19	74.21	36.98	31.89	50.90	48.98	33.99	67.42	29.52
0.001	20.46	4.08	37.74	24.97	50.26	39.19	35.38	78.45	22.64	69.94
0.001	47.84	27.29	55.77	37.10	48.58	78.07	42.60	45.13	41.20	50.93
0.001	69.80	25.19	27.26	11.23	54.87	45.69	59.89	59.15	34.27	79.25
0.001	27.58	3.14	27.45	15.82	39.39	73.19	37.19	20.82	41.56	72.86
0.001	84.89	7.28	89.45	33.27	39.41	61.54	31.38	75.69	31.15	78.27
0.001	39.21	3.55	73.53	10.98	41.74	47.49	17.49	64.82	60.93	61.75
0.001	36.14	8.72	80.78	10.10	42.80	37.19	18.19	74.40	65.52	43.54
0.001	61.93	13.47	81.63	18.00	52.63	25.31	25.84	43.01	54.48	58.83
0.001	68.75	22.00	37.90	19.99	44.39	92.00	26.53	25.77	66.16	56.36
0.001	40.46	34.49	39.12	13.36	59.30	72.92	59.96	16.91	37.16	33.25
0.001	47.46	32.26	90.85	34.02	47.26	63.53	55.84	57.65	23.52	53.90
0.001	30.70	37.54	59.22	12.55	43.47	34.37	33.50	60.66	40.82	82.54
0.001	79.10	16.72	93.98	39.21	39.65	51.69	37.16	39.13	22.70	34.58
0.001	77.09	24.83	64.66	36.43	50.29	54.44	48.35	41.87	43.06	33.10
0.001	8.08	32.30	26.13	34.62	54.58	46.65	62.13	66.95	48.39	84.56
0.001	19.78	30.13	94.43	38.25	57.36	79.58	47.32	18.17	30.58	61.93
0.001	40.25	31.57	64.98	20.60	35.62	43.16	56.40	17.85	57.47	69.33
0.001	77.24	4.07	20.65	37.52	53.10	76.37	23.10	27.49	51.15	71.31
0.001	83.10	31.29	37.96	22.79	39.06	26.83	47.41	53.72	26.48	49.32
0.001	68.46	25.18	27.64	24.08	58.58	26.12	54.88	75.02	31.77	82.64
0.001	75.72	19.16	81.49	24.05	50.11	79.56	48.19	17.51	57.05	57.78
0.001	17.70	23.63	94.26	17.33	30.38	32.62	62.96	62.80	41.26	62.43
0.001	23.50	12.50	48.47	33.51	30.26	85.67	39.08	60.82	64.81	31.40
0.001	72.19	24.44	83.22	31.17	40.47	40.63	39.56	81.52	42.07	50.92
0.001	42.56	25.38	76.74	29.09	45.05	33.24	54.34	40.35	40.81	47.63
0.001	57.17	19.66	84.71	16.68	33.51	74.40	53.52	65.31	37.38	63.75
0.001	31.61	28.79	81.16	31.20	29.90	80.72	27.72	37.10	59.71	61.81
0.001	63.14	35.73	32.91	40.11	59.04	87.95	38.81	82.92	22.34	49.51
0.001	54.28	14.33	91.28	32.65	57.81	33.14	55.10	26.90	60.00	51.53
0.001	28.86	32.52	51.83	18.30	55.97	96.33	21.47	56.27	48.94	62.26
0.001	26.40	25.73	50.70	37.73	34.75	64.88	24.83	79.15	46.78	47.57
0.001	67.99	23.50	25.25	10.87	34.92	61.90	27.48	54.23	64.19	84.80
0.001	51.51	27.39	23.37	22.07	22.52	53.41	25.92	67.68	55.90	84.42
0.001	56.74	22.97	34.61	24.50	47.78	35.19	61.83	15.27	46.58	45.20
0.001	9.84	15.89	83.02	41.54	27.43	91.06	57.81	82.94	60.45	85.03
0.001	42.27	29.44	74.77	16.76	43.00	50.07	37.51	31.05	66.27	30.73
0.001	56.62	35.98	49.53	37.18	22.35	43.76	28.88	15.55	44.35	70.95
0.001	29.29	3.75	45.33	29.48	41.23	62.16	32.88	35.00	64.97	41.03
0.001	45.36	32.68	15.85	25.73	38.29	31.25	62.06	57.07	63.14	27.03
0.001	18.62	32.89	72.46	11.95	27.76	46.27	17.16	26.15	56.07	85.68
0.001	13.96	37.79	60.36	20.30	49.97	87.68	34.33	25.00	37.19	73.49
0.001	47.12	27.26	37.81	15.82	29.11	77.64	51.98	38.35	61.44	29.59
0.001	30.35	16.42	33.55	24.84	28.76	69.87	51.21	42.48	32.50	30.35
0.001	24.47	31.89	67.94	31.44	40.33	35.17	58.85	58.34	62.74	68.28
0.001	13.90	4.22	73.96	29.22	39.60	25.79	35.38	39.21	58.15	53.20
0.001	13.31	37.33	44.29	17.99	52.80	75.94	30.40	18.74	27.95	36.68
0.001	12.92	3.12	48.74	20.39	30.98	40.81	32.82	50.20	36.36	47.63
0.001	50.82	7.35	92.57	8.02	59.90	77.20	29.21	15.84	42.60	54.94
0.001	41.74	21.44	81.28	14.78	31.22	56.83	46.81	71.96	40.33	66.91
0.001	46.10	22.49	80.71	22.73	30.83	43.03	55.85	14.34	43.65	63.00
0.001	84.21	34.76	36.66	39.82	31.56	31.71	27.10	14.75	46.07	27.96
0.001	81.09	20.16	53.59	18.83	21.26	65.48	31.92	60.13	48.11	55.37
0.001	14.60	22.50	32.95	26.19	58.41	97.59	51.02	85.81	38.56	68.11
0.001	65.62	28.82	76.47	24.02	52.05	87.95	40.24	38.48	24.82	85.76
0.001	28.40	13.36	26.22	17.77	22.47	69.04	53.28	17.39	36.85	62.77
0.001	7.09	24.00	87.51	15.92	33.62	66.93	47.56	16.25	61.25	57.01
0.001	24.78	34.96	60.15	34.88	49.66	25.87	40.73	68.43	65.50	62.13
0.001	18.52	36.35	71.39	31.28	21.05	71.41	36.30	34.51	57.84	27.90
0.001	37.58	27.65	87.05	7.63	21.26	91.56	42.13	54.60	49.64	72.79
0.001	45.13	13.31	44.48	29.56	43.43	82.84	40.36	75.94	63.91	82.05
0.001	24.66	16.88	93.88	11.42	40.95	33.08	14.26	16.69	49.56	59.34
0.001	19.36	25.95	69.46	29.77	49.09	49.74	17.85	77.46	24.56	83.86
0.001	82.32	15.76	33.39	15.04	44.69	56.21	52.22	81.34	67.58	65.95
0.001	32.35	4.41	33.63	32.61	49.59	90.05	60.10	54.80	52.15	59.26
0.001	26.48	13.75	91.37	16.21	29.37	32.29	43.26	36.05	23.42	63.25
0.001	29.48	16.73	76.63	7.62	35.81	71.27	36.27	38.88	66.26	50.96
0.001	13.27	4.64	18.95	26.04	44.30	33.23	29.32	59.10	22.19	47.16
0.001	37.55	31.69	81.08	14.34	59.42	78.87	33.10	23.29	54.53	58.85
0.001	18.70	34.91	88.97	10.31	28.49	69.39	40.09	31.77	37.64	57.22
0.001	67.13	13.37	87.99	17.14	33.98	63.39	61.55	34.17	56.36	52.11
0.001	45.16	24.24	37.45	32.40	59.05	35.46	33.45	66.32	39.05	39.88
0.001	64.42	6.56	65.51	32.98	47.15	72.76	16.61	46.09	35.89	41.91
0.001	81.01	12.00	29.53	21.23	22.52	75.67	20.52	24.94	39.97	74.20
0.001	12.07	22.87	76.71	23.78	56.01	83.85	17.98	40.86	29.94	26.11
0.001	39.26	18.76	34.81	15.90	61.70	48.16	24.89	78.08	31.97	37.07
0.001	77.60	15.64	78.74	21.18	57.97	87.89	46.69	81.12	33.66	59.30
0.001	29.35	19.76	31.52	30.56	47.78	86.45	44.63	65.60	47.60	31.76
0.001	27.45	6.93	18.79	19.50	29.88	46.59	46.26	33.44	61.96	34.60
0.001	7.95	37.81	37.82	38.30	50.46	90.10	41.53	44.88	33.28	85.36
0.001	18.98	35.48	18.07	10.20	57.04	91.76	48.06	84.29	28.81	37.16
0.001	14.36	16.61	49.90	31.97	22.74	38.38	59.71	72.66	42.77	35.93
0.001	7.05	32.27	20.84	23.04	59.98	66.10	19.11	33.38	61.22	85.42
0.001	69.13	4.60	89.40	38.57	54.91	83.82	51.77	28.66	49.50	84.83
0.001	12.22	21.82	49.42	36.23	35.64	36.04	48.76	78.45	23.25	52.75
0.001	25.26	10.07	68.80	32.22	43.89	96.65	30.52	48.29	44.24	38.10
0.001	60.36	7.59	37.20	21.00	30.26	88.59	62.91	66.11	56.51	36.04
0.001	56.51	16.16	86.22	14.45	56.42	44.88	47.00	84.00	58.30	69.63
0.001	10.68	4.25	16.46	8.06	49.44	93.99	40.41	33.86	52.96	26.64
0.001	81.05	11.21	16.12	40.06	54.63	30.22	54.11	39.82	55.31	38.17
0.001	51.48	21.68	91.28	26.58	23.26	31.28	46.11	14.55	28.97	70.17
0.001	75.32	22.26	51.41	37.39	33.01	92.29	20.62	64.76	30.49	39.78
0.001	9.10	14.05	46.65	25.75	31.70	68.24	35.48	48.92	50.59	69.98
0.001	52.41	34.35	46.25	7.04	27.31	93.30	23.65	12.13	44.37	34.22
0.001	60.82	25.07	40.70	29.20	23.30	37.65	40.38	79.99	51.34	63.57
0.001	71.77	27.55	33.62	14.72	54.24	62.80	17.30	25.24	39.82	75.22
0.001	7.70	13.51	45.55	29.13	58.45	32.07	57.67	72.56	55.66	84.14
0.001	68.49	21.42	49.89	16.21	35.99	70.45	32.39	65.26	53.64	66.00
0.001	77.44	27.22	24.90	31.19	53.66	46.82	51.81	54.04	50.56	57.79
0.001	35.80	19.68	30.02	16.18	30.84	25.67	29.94	24.92	31.45	81.96
0.001	39.63	13.05	22.75	34.45	28.41	48.30	19.88	26.68	38.39	68.37
0.001	82.80	24.51	64.10	43.57	61.89	68.99	41.67	72.53	36.33	77.59
0.001	80.27	36.55	77.73	30.14	48.61	68.37	51.12	74.51	43.58	53.20
0.001	72.51	34.45	33.14	11.13	33.46	70.77	38.75	49.07	35.99	67.07
0.001	28.51	30.43	40.33	26.99	30.81	66.36	43.89	51.90	65.95	85.89
0.001	63.23	14.53	34.42	14.11	59.45	84.15	59.48	43.63	56.86	42.17
0.001	53.12	26.54	53.36	22.10	34.53	25.43	34.11	28.68	52.57	78.50
0.001	53.48	22.66	68.06	19.75	59.49	61.19	27.64	21.75	41.15	61.65
0.001	61.20	6.50	93.58	15.66	26.66	69.44	59.35	43.60	53.69	74.73
0.001	30.75	19.59	69.78	41.09	54.84	56.15	29.70	75.72	59.09	79.60
0.001	80.19	24.00	64.51	42.27	53.70	84.81	48.45	20.19	54.47	26.78
0.001	16.77	36.58	42.65	23.77	24.01	55.48	49.27	29.47	46.03	68.20
0.001	67.60	18.45	94.84	21.67	58.72	58.12	60.34	68.93	25.88	78.04
0.001	59.55	32.46	75.18	40.74	49.31	91.29	52.34	17.75	40.53	30.45
0.001	30.46	26.23	24.27	9.44	33.71	53.32	20.57	35.89	35.77	76.16
0.001	80.08	27.56	88.92	13.17	49.21	91.32	49.25	70.04	62.29	58.18
0.001	12.99	6.25	44.21	27.58	38.54	93.00	42.39	28.03	29.31	81.75
0.001	30.40	20.99	48.70	38.59	27.29	59.83	26.10	41.20	45.61	33.24
0.001	82.54	34.01	64.70	40.94	47.88	83.42	32.16	15.75	27.91	84.49
0.001	56.76	33.01	89.19	40.84	38.82	83.97	35.48	85.41	32.31	76.65
0.001	18.10	19.06	27.09	8.87	49.37	30.64	29.90	37.87	31.88	50.59
0.001	54.65	30.72	71.53	27.32	50.49	86.45	42.92	29.19	23.04	45.15
0.001	72.47	19.64	89.95	25.98	45.92	78.69	43.18	59.61	34.59	41.31
0.001	42.69	24.83	63.09	20.82	25.90	88.88	55.79	85.46	22.35	66.45
0.001	29.63	23.00	64.39	18.61	47.98	55.85	48.92	39.76	51.17	44.37
0.001	64.58	17.65	80.03	31.61	50.59	83.38	46.20	44.65	45.02	60.84
0.001	23.53	5.77	15.53	24.68	43.25	79.95	54.15	60.03	42.36	83.24
0.001	11.15	29.82	70.94	12.73	27.23	55.35	59.77	35.83	63.60	77.57
0.001	73.23	26.17	48.46	9.17	31.87	34.42	54.79	37.37	67.79	63.37
0.001	30.06	13.94	84.78	22.01	45.09	52.48	19.97	30.91	30.01	41.27
0.001	75.24	15.59	81.97	35.48	27.45	38.49	15.35	49.12	31.79	28.16
0.001	49.12	35.59	75.17	26.38	52.03	27.14	37.67	50.49	25.08	28.54
0.001	31.54	32.13	25.46	39.35	38.78	26.73	34.82	79.58	35.67	71.45
0.001	41.85	35.45	57.07	22.87	34.52	36.43	36.82	71.76	58.40	70.20
0.001	57.80	10.09	23.91	32.18	35.94	85.24	61.49	56.52	48.14	39.01
0.001	54.81	13.45	42.73	10.17	38.81	47.89	28.43	68.73	36.56	35.05
0.001	83.53	31.15	22.54	31.33	60.76	71.07	48.68	79.04	23.93	53.82
0.001	73.29	37.24	73.24	8.47	56.35	32.91	23.99	23.27	53.61	43.74
0.001	58.36	33.22	58.69	15.20	28.48	38.99	35.53	47.36	24.20	66.56
0.001	20.33	28.90	68.97	8.55	61.22	76.37	24.79	79.02	22.65	55.19
0.001	25.50	16.55	59.12	13.36	61.96	27.33	57.75	67.76	40.12	79.17
0.001	24.35	16.84	22.66	30.32	34.15	78.27	18.61	22.60	31.38	59.21
0.001	54.91	36.32	91.62	24.81	59.32	84.89	39.08	28.89	56.30	72.93
0.001	7.38	20.69	49.61	17.58	39.07	70.90	34.36	19.25	49.13	71.35
0.001	79.69	15.80	48.07	32.50	35.95	40.09	23.07	44.41	31.39	38.43
0.001	57.07	33.43	87.82	17.94	39.85	37.43	32.60	41.35	34.17	68.88
0.001	19.18	31.27	91.35	19.55	52.48	67.88	19.51	45.69	45.83	48.13
0.001	47.42	31.00	87.11	34.47	60.58	57.61	44.25	55.74	39.54	48.31
0.001	18.62	3.83	58.79	19.61	39.91	52.01	29.54	83.69	35.02	56.01
0.001	25.27	16.95	64.73	33.29	28.08	91.94	52.06	40.67	51.41	67.74
0.001	64.25	6.56	84.44	24.41	59.62	75.65	17.79	17.85	36.62	79.41
0.001	73.71	3.78	94.26	39.59	39.66	90.04	38.71	17.50	67.58	43.77
0.001	28.74	28.27	30.64	35.85	28.39	38.85	15.12	52.84	36.11	31.62
0.001	46.59	27.03	19.11	22.03	55.72	25.90	32.37	72.52	36.64	37.51
0.001	65.51	30.74	49.64	12.86	55.49	37.95	26.85	67.28	40.83	58.93
0.001	59.73	15.10	70.71	37.75	51.02	27.28	62.67	31.77	26.62	60.34
0.001	34.15	37.95	41.78	26.21	58.12	82.81	30.44	80.02	39.13	35.34
0.001	34.02	30.76	93.92	36.58	50.56	44.25	57.51	78.89	62.33	77.45
0.001	18.59	25.03	32.96	27.79	48.33	34.35	19.38	49.79	58.14	50.81
0.001	77.80	37.69	26.11	43.05	49.01	34.51	19.40	48.62	49.12	34.83
0.001	48.14	35.49	81.18	10.11	51.56	44.88	16.72	82.19	22.90	85.28
0.001	52.14	28.91	63.16	43.71	38.58	74.73	42.98	71.97	47.05	28.44
0.001	76.17	32.66	42.41	23.66	48.97	74.81	18.35	71.45	55.40	63.34
0.001	26.59	6.13	61.49	23.57	49.30	58.44	48.67	39.55	44.22	43.72
0.001	51.78	27.66	24.94	12.94	38.77	41.32	27.29	51.94	35.09	30.86
0.001	36.12	23.77	31.89	40.13	45.63	87.85	42.16	85.29	25.90	47.27
0.001	14.56	11.18	34.58	31.11	34.13	32.94	41.56	14.52	49.08	51.79
0.001	52.58	17.81	57.14	34.29	43.27	97.66	24.23	69.32	65.36	64.54
0.001	70.77	5.38	94.75	42.19	29.42	42.62	41.33	38.49	44.10	39.95
0.001	45.54	36.20	20.72	18.81	47.69	30.69	62.32	14.36	50.84	66.33
0.001	62.83	9.63	43.96	31.16	38.84	76.09	31.39	71.89	35.92	85.16
0.001	58.92	13.43	75.19	23.12	26.51	51.55	17.37	62.08	39.30	64.05
0.001	68.76	24.69	77.24	32.04	39.86	83.40	38.21	19.47	61.31	37.47
0.001	36.07	24.67	50.68	40.36	29.05	49.97	15.73	56.98	60.88	31.71
0.001	21.52	25.13	92.03	9.78	21.47	77.12	24.79	80.53	43.05	47.06
0.001	71.20	32.59	19.36	16.87	28.43	79.11	42.92	65.23	54.66	77.23
0.001	48.29	13.47	30.82	37.08	29.11	32.78	51.00	36.44	52.54	40.85
0.001	81.88	33.13	35.53	40.02	23.42	82.97	38.94	64.42	31.31	28.78
0.001	18.13	6.29	60.53	9.02	23.41	90.23	45.19	62.72	55.71	44.71
0.001	77.90	26.77	83.44	14.19	23.51	47.43	32.30	70.23	27.47	32.82
0.001	18.07	8.81	72.58	40.58	40.22	48.34	23.75	61.00	60.62	59.56
0.001	65.93	9.19	94.47	17.78	56.87	78.32	61.47	39.61	44.17	71.91
0.001	39.88	26.17	33.88	26.00	43.05	48.89	41.25	23.40	45.92	72.08
0.001	21.49	23.44	47.36	34.68	53.28	55.72	34.37	36.47	25.38	53.52
0.001	76.50	12.00	37.08	39.56	57.18	78.71	35.38	45.75	43.73	67.09
0.001	12.51	37.77	35.64	40.31	56.59	35.21	53.91	17.24	67.07	65.66
0.001	81.47	29.46	49.80	20.98	26.59	88.62	27.17	55.29	53.63	81.72
0.001	76.33	5.20	78.61	41.29	43.03	37.52	58.46	42.47	24.99	31.53
0.001	83.86	23.14	86.12	10.55	33.27	33.59	18.89	54.03	23.75	82.22
0.001	77.15	6.72	58.49	9.86	55.07	27.35	39.10	35.19	46.06	36.98
0.001	73.42	7.35	58.02	37.09	35.93	30.15	52.54	41.08	38.70	38.56
0.001	70.78	28.13	67.44	19.11	29.72	62.14	31.87	18.43	52.27	34.11
0.001	54.82	11.99	23.97	40.18	43.71	91.28	21.27	82.69	66.85	54.41
0.001	14.64	36.51	65.45	10.14	26.42	47.27	14.06	53.52	55.25	35.09
0.001	14.72	11.68	60.68	30.63	25.15	91.98	45.24	85.83	25.24	28.18
0.001	70.51	20.05	89.25	27.83	51.23	28.30	49.00	44.01	59.78	26.89
0.001	21.32	31.75	64.09	25.66	57.23	26.32	44.75	54.34	33.42	78.07
0.001	43.59	29.87	57.24	20.57	55.47	63.90	39.08	44.50	64.79	28.35
0.001	84.66	30.10	93.33	29.64	38.13	25.22	19.87	67.60	53.05	35.13
0.001	84.62	30.39	71.93	15.57	43.83	32.27	49.40	54.50	44.01	77.16
0.001	61.02	33.27	62.00	20.12	41.85	47.56	48.32	67.90	57.50	37.48
0.001	79.79	19.63	73.90	38.92	41.16	59.34	14.64	73.72	57.97	48.05
0.001	32.84	20.13	51.08	26.51	34.70	60.48	60.05	35.90	55.13	83.59
0.001	61.12	21.55	46.52	31.13	26.35	70.78	45.84	40.58	67.32	83.02
0.001	76.12	28.44	60.98	7.88	56.01	75.89	43.25	19.44	52.31	67.40
0.001	16.75	30.19	90.03	32.54	24.44	57.19	30.97	18.06	23.01	82.00
0.001	78.06	17.53	18.48	35.28	38.29	27.14	46.89	27.43	54.26	76.03
0.001	8.61	24.69	32.69	19.00	55.96	41.83	38.21	34.38	51.63	32.33
0.001	45.90	27.49	20.29	11.89	26.23	96.22	46.91	26.34	30.85	75.89
0.001	77.12	15.62	45.94	35.42	26.82	73.42	49.67	39.32	28.75	51.01
0.001	24.44	8.64	44.42	32.29	45.94	80.27	23.15	30.42	57.93	72.84
0.001	53.91	22.76	46.95	17.02	56.35	93.68	40.71	13.49	25.24	77.70
0.001	52.31	32.85	85.00	19.42	58.23	83.58	23.24	65.60	35.04	43.84
0.001	35.57	5.30	83.53	23.26	52.45	72.20	18.99	55.12	39.62	59.17
0.001	8.67	8.67	89.77	15.87	22.85	78.75	20.10	54.69	45.08	65.90
0.001	80.34	14.38	38.11	37.37	26.66	26.36	16.04	83.74	23.24	27.72
0.001	60.30	23.40	22.55	23.72	40.88	77.81	26.87	83.49	53.65	55.75
0.001	23.76	6.92	50.96	33.21	25.18	74.98	50.92	33.74	44.34	40.86
0.001	37.96	6.40	87.56	22.16	41.93	79.95	32.31	41.29	37.05	59.41
0.001	78.86	24.26	54.03	30.74	44.12	79.27	61.85	37.83	59.56	63.04
0.001	63.64	31.76	25.08	17.57	31.83	84.14	33.89	83.52	55.10	60.01
0.001	22.91	23.46	51.68	41.57	54.65	74.79	28.54	80.37	53.98	45.48
0.001	83.07	28.88	48.97	23.62	31.37	88.73	59.76	40.81	54.95	78.51
0.001	70.45	33.74	42.52	11.43	31.55	82.43	16.82	72.72	60.38	73.48
0.001	24.18	26.27	89.08	38.15	38.06	53.02	14.99	16.24	51.03	65.93
0.001	32.31	23.81	37.66	42.87	36.10	53.81	44.66	31.00	25.37	32.34
0.001	41.47	30.79	54.87	19.03	34.66	45.06	19.39	56.93	30.82	68.34
0.001	29.57	23.44	94.59	41.43	37.23	59.87	29.34	39.93	52.93	72.31
0.001	34.87	30.68	79.80	32.78	49.81	88.31	39.64	72.94	45.95	43.37
0.001	47.34	18.09	88.73	13.85	27.26	26.47	32.51	38.11	32.41	75.68
0.001	34.31	5.53	47.51	30.14	44.55	36.64	17.61	14.29	43.55	43.97
0.001	81.69	10.51	18.40	12.63	45.38	54.48	62.49	50.69	40.03	67.76
0.001	18.95	33.44	30.44	33.47	57.52	58.61	55.62	50.25	53.00	75.58
0.001	23.95	36.69	64.79	20.07	32.27	48.66	20.43	66.07	32.39	38.33
0.001	47.00	26.30	94.74	8.14	60.83	50.74	48.38	31.28	31.42	66.48
0.001	61.18	15.18	25.91	39.51	22.98	47.91	43.49	62.15	58.84	42.49
0.001	56.51	35.23	49.80	38.65	60.63	30.99	24.21	63.38	57.84	44.07
0.001	62.15	24.21	55.84	13.39	43.21	79.47	52.68	41.24	41.65	40.57
0.001	59.79	28.54	61.87	20.73	57.21	52.18	41.66	30.24	42.10	51.39
0.001	42.26	31.49	65.10	36.45	40.66	46.74	52.12	30.18	27.93	82.62
0.001	49.14	27.90	43.67	39.68	55.40	60.82	40.29	27.86	33.78	46.40
0.001	80.41	23.69	43.43	23.47	59.54	26.58	23.57	16.26	45.71	79.35
0.001	12.30	15.35	23.98	40.82	28.30	93.24	20.74	19.60	47.74	85.90
0.001	15.87	36.75	54.11	8.72	37.61	42.53	37.22	70.77	41.70	78.29
0.001	42.00	24.23	86.75	20.39	49.99	62.77	58.58	25.37	37.22	59.57
0.001	38.09	15.22	78.91	16.00	58.35	41.18	48.25	44.67	50.91	55.03
0.001	80.21	3.88	53.25	7.13	49.58	75.92	42.78	24.15	47.46	46.65
0.001	45.24	27.25	70.09	14.22	53.08	27.20	16.07	14.33	26.90	42.96
0.001	13.31	27.10	59.16	39.28	50.00	72.44	42.45	28.58	29.79	33.57
0.001	11.40	24.61	83.04	40.77	60.56	30.17	45.39	41.82	67.17	64.62
0.001	59.87	29.62	34.25	41.89	39.84	44.80	34.78	67.65	32.66	79.14
0.001	63.82	16.99	20.10	28.19	60.00	74.63	40.71	74.16	59.77	62.73
0.001	71.55	27.29	73.67	23.24	50.56	59.66	55.62	43.39	50.15	79.85
0.001	44.14	23.13	61.50	16.04	27.37	77.51	31.48	72.32	35.57	62.23
0.001	23.19	7.09	87.94	23.61	23.58	95.54	44.79	58.07	42.65	44.87
0.001	47.84	23.33	59.29	23.04	22.66	74.41	40.87	79.50	55.59	79.08
0.001	43.36	6.12	77.32	28.08	61.41	56.92	22.72	48.44	32.18	73.85
0.001	53.50	15.74	27.92	29.54	40.84	42.62	15.00	56.05	23.63	31.20
0.001	56.63	3.72	30.94	33.66	53.09	61.49	26.86	17.70	46.27	41.29
0.001	84.16	19.26	79.67	24.49	29.78	95.74	29.34	77.13	60.09	83.70
0.001	85.83	11.13	22.31	22.88	59.24	36.29	48.04	30.90	27.25	62.94
0.001	54.69	29.04	80.63	39.27	27.33	30.82	26.45	22.68	37.37	28.58
0.001	79.71	37.89	65.90	23.69	40.37	70.78	44.80	49.14	49.74	38.02
0.001	61.49	11.87	79.71	13.31	27.33	54.00	58.86	82.49	51.31	70.50
0.001	71.49	19.17	83.72	26.93	42.67	76.60	49.77	41.58	47.09	76.01
0.001	64.24	27.91	54.73	25.91	24.88	61.76	61.66	57.09	27.23	58.07
0.001	51.60	21.71	28.54	25.80	59.11	93.78	45.89	63.05	61.67	68.73
0.001	63.50	21.53	20.92	14.26	56.19	84.96	34.85	55.73	58.10	36.35
0.001	57.78	8.15	92.25	35.86	31.39	53.02	22.48	65.77	26.21	29.84
0.001	70.21	14.11	27.98	33.30	30.76	44.52	44.52	14.55	26.17	83.00
0.001	78.99	4.35	87.39	43.69	39.70	81.95	31.39	66.24	42.79	79.55
0.001	36.97	25.54	59.82	15.38	32.86	38.90	56.18	69.59	67.88	79.86
0.001	65.07	8.64	81.72	41.35	61.40	88.23	22.50	85.42	34.31	31.83
0.001	72.38	7.97	28.18	31.97	39.26	66.57	59.84	83.92	38.45	69.61
0.001	9.65	22.44	17.12	7.80	26.37	77.88	23.98	28.41	50.36	69.65
0.001	14.49	34.05	63.26	41.53	45.38	87.95	40.62	34.97	45.03	61.86
0.001	21.73	21.24	68.45	28.20	37.33	33.45	25.14	78.07	67.04	56.92
0.001	7.05	26.11	28.77	42.05	29.91	67.79	35.67	70.06	50.40	66.64
0.001	42.98	31.57	57.64	40.66	23.77	43.42	44.68	53.68	43.72	59.21
0.001	85.27	32.11	91.19	17.55	36.25	90.53	57.11	14.15	63.80	57.67
0.001	77.11	8.97	33.59	18.44	53.97	86.09	28.54	30.25	34.59	83.24
0.001	81.10	26.75	71.64	38.27	60.70	59.68	26.73	30.17	52.78	78.28
0.001	9.15	8.82	43.62	10.47	33.59	79.08	17.97	14.53	48.19	44.42
0.001	34.81	26.19	71.43	40.08	48.55	96.90	53.00	83.84	36.68	70.90
0.001	23.81	34.22	33.93	10.24	56.74	48.52	57.76	34.85	40.95	49.47
0.001	71.71	23.29	65.05	36.43	61.18	44.80	15.60	25.20	54.11	70.91
0.001	66.50	3.24	30.94	41.13	60.16	37.20	48.64	15.82	37.82	43.29
0.001	32.91	10.22	24.60	42.18	40.35	52.99	53.57	71.43	43.60	67.92
0.001	8.48	9.63	20.95	7.48	26.02	53.61	49.48	60.13	24.07	27.15
0.001	34.50	11.66	73.58	27.91	61.31	42.95	55.66	49.03	64.33	82.32
0.001	85.81	18.83	40.77	16.85	51.08	42.64	48.07	76.75	44.32	50.69
0.001	44.78	32.73	44.45	23.49	41.82	78.48	53.47	59.03	67.20	48.29
0.001	83.26	30.08	59.57	43.19	31.29	39.63	57.23	42.96	50.90	57.61
0.001	84.45	3.42	69.18	11.19	50.23	69.37	49.23	44.20	41.41	74.02
0.001	76.95	11.89	74.10	20.72	49.43	74.70	52.54	32.19	43.53	60.08
0.001	8.72	21.98	60.29	14.14	41.32	91.69	52.41	42.57	30.78	53.84
0.001	58.35	9.25	77.45	30.36	21.22	39.80	53.79	30.26	30.48	55.94
0.001	52.34	30.33	76.84	20.92	46.84	40.70	18.02	52.94	29.10	79.15
0.001	55.86	29.71	74.09	43.80	38.78	74.83	49.32	65.25	23.54	58.37
0.001	9.60	37.23	66.82	12.60	53.66	45.53	59.36	25.84	38.24	54.91
0.001	18.10	19.91	29.18	8.68	60.94	40.89	58.81	58.49	24.37	51.78
0.001	43.24	35.81	43.30	11.77	44.23	78.98	29.75	72.19	43.86	33.04
0.001	45.10	33.27	82.24	31.29	28.95	39.82	35.20	55.28	50.34	76.18
0.001	58.46	31.25	88.32	13.80	39.67	32.26	48.95	42.60	59.11	63.45
0.001	84.67	17.79	47.00	20.49	35.87	41.49	41.98	34.57	43.32	36.74
0.001	75.93	37.76	89.96	20.62	53.61	60.36	35.98	43.37	65.23	72.03
0.001	19.93	7.84	72.35	17.65	49.18	45.72	60.38	77.27	36.32	50.83
0.001	67.92	31.35	81.09	34.23	43.36	45.19	35.66	12.91	55.45	46.29
0.001	9.61	17.37	94.73	38.97	57.10	96.34	42.35	38.86	34.79	29.71
0.001	37.05	23.92	89.43	15.91	52.57	33.99	17.80	69.02	27.67	77.79
0.001	11.51	34.12	40.04	28.91	44.68	29.91	38.07	42.56	50.67	73.11
0.001	59.22	15.16	91.11	36.94	53.74	45.00	58.29	15.75	36.66	66.39
0.001	42.79	17.43	41.27	42.35	38.91	92.52	50.03	68.71	23.03	51.39
0.001	21.34	9.52	27.12	8.08	35.95	65.60	19.36	20.52	67.18	83.28
0.001	79.21	32.50	55.81	13.03	37.88	32.01	14.79	41.54	67.78	79.89
0.001	36.69	12.51	17.28	42.22	48.20	86.65	25.87	17.01	35.73	34.34
0.001	15.12	5.20	76.46	24.21	43.47	61.88	61.56	14.24	55.59	82.74
0.001	50.49	26.10	29.33	7.42	51.87	60.66	42.60	39.09	64.35	27.40
0.001	10.53	13.71	17.71	30.58	50.37	66.59	32.82	24.18	45.64	26.88
0.001	7.86	30.93	90.86	26.91	48.57	84.77	28.73	47.04	26.36	32.21
0.001	61.37	10.23	65.05	9.44	51.47	55.09	33.78	56.28	60.84	82.00
0.001	71.58	17.24	69.33	14.09	54.49	77.41	18.71	39.64	39.96	82.86
0.001	54.97	29.26	68.58	43.21	42.84	92.10	51.32	18.39	54.03	46.77
0.001	36.02	32.30	84.93	16.52	51.81	56.09	40.79	35.25	66.63	57.92
0.001	67.65	6.27	87.02	9.34	49.37	70.83	59.20	29.21	40.27	28.00
0.001	79.12	31.79	42.66	41.54	58.31	29.46	15.29	38.30	58.92	43.58
0.001	46.00	5.30	91.59	38.25	42.83	53.49	51.65	53.36	57.26	81.26
0.001	67.39	4.19	64.37	12.35	53.17	83.78	30.43	42.24	61.19	64.04
0.001	46.11	37.09	53.27	33.60	43.63	93.92	18.63	85.96	23.08	76.04
0.001	34.42	19.27	64.75	9.31	36.39	39.57	60.88	50.91	30.78	61.40
0.001	45.86	26.94	76.01	10.58	38.03	50.40	30.94	82.89	31.78	49.33
0.001	27.65	4.44	76.16	8.35	33.59	27.34	48.30	77.27	36.10	70.17
0.001	8.69	35.43	67.98	37.71	22.84	84.17	37.49	65.79	29.04	59.25
0.001	9.87	5.72	22.83	35.73	50.16	26.35	14.22	52.31	57.32	39.60
0.001	68.43	12.18	62.38	28.40	40.29	95.65	51.71	42.83	64.99	40.07
0.001	57.98	26.48	35.36	17.17	23.03	89.56	28.79	19.27	52.09	62.85
0.001	25.70	37.83	49.29	41.25	46.42	51.35	41.80	69.01	47.42	54.04
0.001	81.67	21.30	63.23	28.06	57.13	74.06	33.24	12.95	63.13	72.81
0.001	26.23	20.50	33.76	26.13	61.73	93.15	46.14	47.89	61.57	51.97
0.001	37.48	6.29	43.24	18.34	40.37	93.27	19.77	58.06	65.08	49.94
0.001	61.72	19.30	17.98	23.66	44.61	61.23	27.03	29.79	49.28	40.14
0.001	15.11	7.63	48.93	28.67	53.37	84.67	14.07	74.33	54.86	26.19
0.001	18.88	22.48	42.96	10.49	32.46	32.51	19.08	28.52	57.49	52.10
0.001	9.58	37.38	72.81	28.73	44.27	57.49	14.97	59.70	42.59	62.05
0.001	69.41	9.06	76.25	19.82	33.49	51.84	60.29	76.37	30.75	58.85
0.001	35.42	18.53	24.96	20.92	51.72	27.65	32.16	49.19	36.68	43.11
0.001	61.50	25.66	85.08	7.01	47.09	34.24	21.16	29.45	55.29	63.74
0.001	26.72	13.01	22.99	33.13	42.83	87.70	45.53	20.53	63.51	84.01
0.001	74.29	11.99	73.19	7.60	37.81	80.54	28.26	45.61	65.56	83.46
0.001	58.78	36.12	92.56	21.06	31.49	46.53	17.53	18.38	51.02	57.23
0.001	25.43	27.90	61.15	22.76	50.33	60.49	37.80	74.82	35.38	77.20
0.001	27.37	8.01	49.92	17.71	52.53	61.59	30.15	42.65	44.75	50.72
0.001	28.81	16.02	74.25	14.04	33.44	55.62	46.67	38.85	61.72	47.88
0.001	41.74	14.70	65.78	21.84	29.95	50.81	51.81	60.35	52.00	29.41
0.001	65.24	24.85	37.01	24.62	57.96	34.62	26.61	46.36	67.76	43.92
0.001	28.16	26.41	46.10	22.51	43.80	92.24	24.73	80.86	62.49	27.94
0.001	27.49	19.46	43.55	24.88	54.79	31.42	31.32	70.09	39.64	52.80
0.001	16.80	24.43	59.69	8.86	21.01	43.20	31.55	82.48	56.08	69.34
0.001	48.16	8.49	92.03	43.81	41.27	95.87	40.08	36.91	32.38	59.26
0.001	34.95	34.17	49.53	22.78	32.43	32.79	37.65	34.37	46.85	58.72
0.001	26.85	16.83	21.09	37.16	21.22	76.31	43.82	74.48	58.50	29.27
0.001	20.03	11.19	33.80	23.33	41.27	65.95	54.87	75.53	56.85	52.17
0.001	9.77	34.45	41.45	18.25	29.03	50.45	26.07	70.95	39.82	76.97
0.001	7.65	26.25	71.48	16.29	45.19	37.34	15.16	43.06	53.45	30.23
0.001	78.89	18.05	39.34	23.60	61.39	70.59	20.61	39.77	55.41	59.34
0.001	71.50	23.44	63.85	17.47	34.75	52.73	25.49	13.61	52.84	77.77
0.001	66.65	6.15	74.99	40.12	61.73	49.05	15.92	72.63	46.67	82.84
0.001	63.08	19.84	81.72	20.50	23.49	52.76	42.87	38.96	42.25	41.95
0.001	38.47	13.49	69.36	28.42	60.82	31.54	55.48	56.30	57.28	50.35
0.001	10.17	13.73	83.71	14.99	21.34	57.29	46.68	73.97	57.22	54.37
0.001	73.31	7.04	25.24	29.32	55.93	42.55	59.70	13.69	66.12	37.67
0.001	38.58	17.78	92.26	36.32	61.62	39.48	38.29	49.50	56.79	48.31
0.001	55.25	32.23	62.93	17.93	55.44	66.73	20.48	82.31	52.40	77.09
0.001	61.04	6.74	59.15	17.13	56.14	31.70	48.53	83.05	58.63	67.62
0.001	53.19	10.73	25.90	28.26	46.55	38.13	57.72	66.82	43.99	60.03
0.001	19.80	27.26	19.40	12.56	43.11	73.63	21.69	51.48	52.64	52.92
0.001	65.59	21.76	65.73	31.44	61.89	65.50	27.75	61.90	37.96	68.77
0.001	76.90	37.36	23.55	17.17	30.31	36.62	48.49	82.92	66.98	66.45
0.001	26.58	37.26	44.74	29.05	39.21	69.07	52.80	66.76	29.67	76.27
0.001	34.40	21.33	39.53	33.52	26.62	31.98	40.86	12.11	51.28	82.61
0.001	83.10	4.35	74.61	26.14	52.78	51.90	42.64	38.50	50.46	45.51
0.001	27.71	21.79	81.61	39.50	41.26	69.38	22.63	46.86	27.93	75.06
0.001	80.35	30.45	56.19	34.87	47.64	61.46	46.76	17.06	55.87	46.35
0.001	32.92	10.60	36.41	31.34	59.56	31.03	24.07	52.38	50.36	55.46
0.001	54.03	9.39	40.40	39.93	46.75	58.01	39.91	85.66	49.96	51.64
0.001	55.20	19.60	72.16	30.95	38.91	48.33	51.61	55.34	40.55	80.39
0.001	68.74	23.86	35.89	9.61	52.28	35.40	16.74	76.74	40.13	61.33
0.001	65.94	31.70	80.59	31.53	25.01	39.36	26.11	76.43	56.71	65.18
0.001	81.51	9.34	39.07	7.67	61.93	90.53	15.83	44.46	34.91	83.09
0.001	70.32	27.23	38.36	35.01	32.84	82.64	31.42	26.84	53.79	34.16
0.001	17.27	23.82	19.06	42.68	58.08	44.33	30.79	16.35	56.03	32.60
0.001	42.67	36.16	29.42	23.45	42.41	95.91	14.10	84.69	46.82	26.98
0.001	20.98	36.64	81.16	28.21	50.50	66.45	28.52	28.14	55.87	71.36
0.001	32.95	14.02	93.61	17.07	22.41	88.48	45.38	20.32	61.80	78.04
0.001	77.12	6.73	56.56	14.44	53.64	93.30	15.58	72.36	31.87	28.17
0.001	44.99	22.22	54.29	9.20	47.59	29.73	23.83	40.46	44.48	62.74
0.001	7.33	23.20	23.81	22.23	32.98	58.41	34.53	73.15	23.19	54.50
0.001	63.07	37.06	30.44	37.87	38.13	38.29	60.08	81.06	45.96	57.84
0.001	13.73	18.39	47.18	15.15	40.91	38.26	23.02	50.47	34.93	82.91
0.001	10.38	21.03	22.90	11.64	44.45	77.32	37.49	69.56	31.57	74.14
0.001	61.38	27.12	16.57	33.57	54.11	28.75	57.16	49.57	37.46	81.05
0.001	61.49	30.83	85.10	35.63	34.43	35.35	17.80	35.50	66.78	48.87
0.001	25.47	31.17	23.38	7.78	29.83	61.79	49.49	22.29	23.12	35.89
0.001	55.81	10.18	17.24	27.71	35.23	86.56	27.49	53.57	50.42	55.96
0.001	47.54	12.04	46.58	25.75	57.34	47.67	45.37	54.92	46.95	79.97
0.001	70.85	23.17	57.90	14.36	40.89	56.37	46.06	63.93	64.33	81.03
0.001	49.05	31.55	91.24	17.74	47.13	33.75	54.13	56.14	65.69	38.90
0.001	48.22	24.49	33.05	39.33	44.32	28.43	58.14	66.42	38.09	61.23
0.001	12.75	18.96	57.79	43.23	32.07	92.54	60.88	67.98	40.24	53.64
0.001	75.41	35.97	75.82	39.28	24.53	39.11	60.88	39.07	33.65	27.90
0.001	22.52	23.76	85.02	29.67	60.51	90.68	59.46	54.46	51.37	71.57
0.001	32.23	31.77	44.76	19.45	45.04	51.48	34.27	14.33	31.89	31.71
0.001	51.95	5.04	55.22	32.33	53.56	29.00	55.01	66.49	47.77	77.01
0.001	61.58	11.01	80.48	40.20	27.50	28.50	34.53	25.50	45.98	85.77
0.001	36.91	34.90	68.98	34.32	60.77	64.82	29.10	12.10	66.39	48.20
0.001	28.19	20.96	76.23	10.86	24.32	35.01	23.95	25.19	57.46	80.38
0.001	15.77	12.90	82.30	11.62	44.48	61.92	41.99	14.69	56.18	35.33
0.001	13.79	8.39	62.85	35.00	42.00	83.49	44.19	81.72	33.22	65.90
0.001	45.00	9.43	80.17	39.49	28.70	89.30	15.29	41.13	65.41	48.27
0.001	28.57	4.79	74.40	15.11	30.15	58.80	30.41	21.55	67.42	42.55
0.001	28.51	3.13	70.82	42.83	46.86	35.31	23.82	31.33	49.49	47.44
0.001	39.69	30.90	35.07	25.19	21.46	70.96	57.93	13.81	39.06	70.72
0.001	50.01	32.89	19.37	7.09	43.76	39.25	50.43	14.28	60.89	67.73
0.001	66.50	11.30	86.36	24.10	54.50	29.67	55.03	23.04	50.82	42.25
0.001	12.85	33.48	41.59	33.65	34.51	89.43	20.82	22.05	67.52	30.61
0.001	64.97	11.63	39.09	10.70	39.25	27.99	42.82	49.57	52.32	43.72
0.001	53.95	35.54	48.24	33.77	49.33	97.98	38.23	37.89	57.56	76.94
0.001	41.84	9.90	69.96	13.39	34.56	96.38	33.37	35.54	23.45	44.89
0.001	65.39	12.62	60.34	7.90	26.31	48.24	29.67	45.62	23.05	53.21
0.001	17.93	24.35	55.25	20.80	61.45	32.01	44.68	81.90	38.91	69.02
0.001	84.91	25.09	20.80	21.49	33.30	90.58	16.69	53.20	24.53	40.48
0.001	71.00	8.99	35.75	28.32	41.90	48.64	40.83	65.99	24.09	47.41
0.001	16.14	37.64	59.49	41.68	56.79	80.06	59.63	43.77	64.30	68.39
0.001	72.35	16.28	87.01	10.51	35.59	80.23	51.64	38.04	61.68	36.13
0.001	20.35	14.48	34.17	8.05	44.12	48.94	40.55	25.70	66.41	46.76
0.001	52.81	13.41	42.74	33.88	61.92	34.95	43.50	82.40	63.99	43.54
0.001	85.22	17.38	75.91	7.98	27.32	64.15	58.38	20.30	33.59	35.94
0.001	53.66	19.29	58.61	26.08	24.25	71.89	57.74	69.05	59.55	52.65
0.001	13.96	23.80	46.81	15.73	28.06	33.95	60.44	19.63	60.07	78.57
0.001	45.82	22.88	42.17	21.13	60.80	43.27	40.41	23.50	40.61	62.37
0.001	61.56	20.08	52.25	34.56	55.87	52.98	41.27	69.72	28.05	27.87
0.001	15.74	36.45	75.68	15.21	44.79	51.12	40.09	31.17	28.88	31.30
0.001	61.47	37.20	68.12	17.19	44.21	72.18	29.12	78.31	36.83	49.15
0.001	31.25	5.11	70.87	10.90	57.93	95.21	16.80	34.86	31.22	65.44
0.001	50.84	8.78	58.80	22.36	21.49	56.56	60.02	26.85	50.42	56.27
0.001	66.90	37.50	31.11	17.00	37.71	47.06	23.22	43.34	58.56	34.06
0.001	14.65	7.45	54.67	10.97	55.57	40.16	26.41	25.34	48.79	70.29
0.001	8.11	16.31	28.16	28.32	23.41	61.67	20.27	33.37	57.53	72.31
0.001	66.84	5.53	70.75	12.97	27.01	35.31	47.93	84.97	44.63	59.42
0.001	11.95	37.33	51.52	18.21	56.75	94.61	18.81	60.19	36.40	35.37
0.001	74.10	9.61	49.59	36.65	43.43	81.04	30.69	76.37	52.84	62.89
0.001	63.81	35.42	42.23	20.00	44.81	42.88	44.47	46.71	44.22	83.75
0.001	10.91	6.72	61.92	39.67	58.51	49.74	56.50	52.25	31.86	44.73
0.001	60.01	26.06	26.42	27.97	47.65	26.33	18.70	19.49	57.15	58.53
0.001	62.66	30.33	25.33	39.93	25.31	76.23	39.49	43.83	29.13	72.82
0.001	10.00	21.46	78.02	40.18	31.74	82.10	45.13	46.53	60.43	82.53
0.001	83.99	23.70	34.53	33.76	55.27	64.35	18.51	48.20	33.10	39.58
0.001	56.14	4.37	24.75	38.10	40.39	52.68	48.67	13.86	45.47	77.75
0.001	79.36	26.52	75.23	18.90	35.49	95.42	22.07	37.15	30.61	43.16
0.001	53.20	23.87	25.93	18.50	31.91	48.18	25.62	71.63	54.54	47.87
0.001	16.74	31.57	69.90	39.55	54.54	32.40	27.43	69.67	43.99	59.70
0.001	74.23	29.75	23.29	10.42	52.60	31.02	28.63	22.10	23.77	46.22
0.001	81.34	10.53	22.29	37.71	27.84	58.51	35.56	38.04	48.57	42.53
0.001	74.82	8.83	49.69	23.68	52.94	39.12	21.02	20.98	27.81	28.86
0.001	53.23	8.27	56.69	43.58	61.65	86.17	31.78	57.90	29.60	63.55
0.001	14.39	18.24	32.58	36.53	59.30	75.51	49.79	43.45	23.49	49.36
0.001	17.16	15.92	43.20	31.06	37.46	43.03	54.54	12.86	61.38	36.01
0.001	40.93	15.99	37.33	13.34	29.36	30.35	28.16	36.14	61.75	65.88
0.001	73.33	19.22	59.95	18.24	26.61	82.97	14.64	55.90	33.12	27.27
0.001	30.36	25.71	79.67	41.92	34.34	53.06	61.39	15.72	26.63	38.18
0.001	25.31	5.51	48.46	10.96	58.51	58.59	22.89	82.51	44.91	81.82
0.001	80.63	15.38	37.92	18.89	22.03	38.95	47.69	79.65	24.91	77.69
0.001	74.50	5.50	38.66	18.66	40.48	81.48	21.21	70.95	25.14	38.02
0.001	83.84	10.54	75.19	38.75	24.04	34.67	31.95	56.25	27.72	77.30
0.001	81.29	8.46	80.45	8.02	26.63	38.80	54.38	65.06	67.74	65.26
0.001	11.29	16.17	17.49	33.58	56.06	55.91	28.35	30.40	27.14	38.22
0.001	8.96	11.28	45.33	27.52	30.62	74.71	14.15	17.08	24.83	57.39
0.001	51.98	26.51	94.67	36.32	27.51	71.20	30.33	18.70	53.87	34.96
0.001	77.45	9.47	49.17	32.99	27.93	38.26	57.46	32.68	33.51	49.35
0.001	64.32	26.61	50.23	19.61	54.53	59.57	59.87	49.20	67.45	37.91
0.001	42.78	32.52	45.55	29.89	52.04	83.66	51.49	25.53	42.15	55.98
0.001	53.92	30.76	61.69	15.39	42.59	38.44	59.98	29.25	58.98	73.28
0.001	44.97	35.30	32.72	31.97	22.05	50.08	22.48	82.68	35.21	36.62
0.001	8.74	28.67	55.63	12.86	54.73	96.34	57.21	67.63	34.63	85.60
0.001	52.61	25.16	27.95	29.13	60.87	38.98	43.35	20.21	38.13	66.02
0.001	70.60	4.38	17.09	44.00	55.18	83.56	18.44	49.72	43.79	66.78
0.001	43.43	5.91	54.43	19.51	45.23	65.76	17.01	74.63	50.81	41.33
0.001	51.70	7.68	64.25	42.12	35.37	49.94	28.62	67.93	67.01	78.30
0.001	52.17	4.37	83.89	12.54	44.11	54.21	14.45	72.17	61.08	80.10
0.001	14.42	36.86	65.13	7.44	30.93	76.03	21.45	38.03	56.24	47.10
0.001	57.48	12.58	51.16	20.10	60.47	42.18	62.11	67.79	46.22	39.18
0.001	49.80	22.27	17.34	34.30	32.52	47.58	59.66	85.55	67.44	73.73
0.001	53.83	15.06	46.70	38.86	51.52	94.24	51.19	68.70	55.16	35.31
0.001	23.20	27.65	66.57	9.33	21.11	54.42	57.02	43.42	32.29	71.74
0.001	14.32	19.76	27.59	24.58	31.59	50.91	45.12	42.07	48.56	64.77
0.001	57.42	20.75	71.03	18.39	27.52	85.57	49.73	69.15	67.10	82.21
0.001	42.20	17.58	56.85	17.93	40.93	36.22	61.26	57.76	44.96	35.34
0.001	40.97	22.54	46.00	12.74	26.17	88.04	49.21	14.32	25.42	36.43
0.001	16.62	17.45	88.63	41.36	47.12	72.89	21.64	66.21	23.67	43.20
0.001	61.02	33.49	34.10	29.71	54.32	28.00	19.17	69.25	46.60	79.82
0.001	21.96	6.45	19.37	20.04	24.30	58.13	24.23	53.31	58.07	45.22
0.001	37.00	11.81	93.25	12.46	24.17	45.80	51.55	37.12	59.59	71.03
0.001	43.18	14.94	74.60	37.86	27.31	92.86	16.75	65.10	53.94	57.83
0.001	84.78	5.29	86.43	11.15	52.25	89.39	33.07	17.07	64.92	44.70
0.001	30.18	20.22	78.20	41.89	37.12	83.73	16.76	63.41	37.19	55.59
