16
    0.0625    85.136   9.75601   32.8108   43.0398   28.0926   49.0488   25.7609   70.1037   31.8171    46.088   15.4884   22.1737   68.8466   52.2308   28.7018   25.5411   30.0793   94.5592   15.6421   32.6343   20.8544   36.2457   50.1641   58.9117   24.6212   66.4441   62.9216   1.40628   35.8656   17.6648   22.2653   13.7878   33.2467   11.1399   72.8363   12.6493   21.2617   56.8601   74.2776   35.7284
    0.0625   47.4561   21.1354    42.186   28.9346   51.6744   78.6375   53.2969   56.6078   53.1731   53.1012   33.3791   22.4979   80.9561   87.5741   15.6973   13.3098   38.4137   81.9381   22.0973   60.9308   8.81797   96.1337    62.005   76.7006   53.2184   65.8384   46.2298    39.418   42.3663   46.9699   18.4106   37.3568   35.9956    13.054   42.1053   11.3358   43.8761   24.3831   39.6857   32.0792
    0.0625   52.2639   29.2732   78.8484   26.7473   42.0501   36.9958   18.1245   57.8625   61.2358   47.5835   29.4786   5.79424   99.0735   80.3235   9.98583   23.0578   36.7213   83.2889   21.7942   47.9069   15.0066   19.5548   48.8522   36.7185   52.6079   62.8091   52.9869   26.7937   29.2459     62.97   12.9831   26.0253   26.5518   5.23695   78.2894    17.275   14.9971   39.9417   110.705   11.3875
    0.0625   26.0775   31.1776   81.6174   29.7521   56.5046    3.5647   49.5586   47.5147     37.35   87.7718   34.4285   25.8563   70.4651   89.0869   24.1972    22.853   28.7646   83.6978   15.0829   58.1727   7.07118   34.0294   48.3661   26.0206   11.5458   64.3584   77.7096   35.0559   55.1049   64.7079   24.9901   26.1508   42.7871   13.8626   36.7236   14.3436   22.2765     4.514    108.91   23.8329
    0.0625   61.4419   2.75491    39.282   24.4144   12.7866   14.8543   43.6979   70.9399   27.8909   47.8503   37.6481    10.278   93.6686   38.4276   6.55259   13.3002   18.6617   46.5324      18.2   20.3565   20.0089   35.1349   30.6102   50.0997   37.5372   75.9287   106.963   26.3348   23.5296   72.3464   21.7351   36.6467   43.5797   14.1224   66.2155   15.1664   35.6611   54.0386    102.76   24.0452
    0.0625   77.2834   34.1042   57.6223   21.8591   45.9466   90.4371   53.8675   56.0568   27.3113   59.7691   17.3609   23.2669   84.0676    78.925   23.5992     24.14   32.7378   66.8143    8.7898   41.1863   17.9806   93.3762   26.4009   54.0407   7.57641   49.5062   74.6603   31.8387    42.649    74.165    12.827   41.4398   9.49794   12.8496    80.758   9.11162   40.4738   47.1008   97.5815   26.4141
    0.0625   55.3536   35.1714   83.4971   22.6542   17.4238   76.4887   19.0733   65.6364   65.4108    70.897   29.8767   20.1332   54.3071   51.3543     12.98   31.7509   21.1145   100.123   21.4685   34.0846   17.9898   56.4305   24.8563    72.014   50.4985   72.0786   73.1838   11.5462   39.6349   55.1196   17.9877   22.8776   14.4678   12.2383   40.8746   14.0207    40.285   34.9874   84.9793   32.9658
    0.0625   35.5578   22.2783   76.5446   19.3983   47.0684   27.2219   45.8689   67.6829   41.2849   78.2733   41.0354   17.5926   78.8519    84.272   25.5407   14.1005   28.8655   64.8846  0.961983    15.177   11.2334   61.9643    61.027   40.1645   34.2892   71.7286   31.5291     28.97   51.5545   49.3884   27.4128   9.90238   38.5381   10.1636   63.8602   14.8712   55.6686   77.7834   51.0411   13.4624
    0.0625    12.149    14.283   62.1617   40.3195   37.4101   16.9154   36.2414    79.685     37.79   65.7795   10.8261   20.3265   65.8744   83.7926   29.1429   19.9099   33.7677   98.9411   6.83874   46.4933   1.88933   94.6935   49.3663   77.3846   57.3618   78.1842   82.3622   15.1865   29.5176   9.58661   10.8561   18.2422   26.0014   6.62869    54.751   10.3214   23.3032   76.0243   57.2498   24.6585
    0.0625   22.8134   27.0381   66.2713   36.8702    58.243   29.2451   7.12477   41.7404   56.7653   51.1828   32.9575   16.9031   97.1905   60.2374   32.3187   43.7746   28.6729   90.3374   16.8504   49.7106   15.9384   76.0607   41.4718   20.5991   42.9892    34.681   33.8078   16.9945   38.3042   30.5725   29.7554   43.3527   33.7458   6.63147   47.9519   14.7712   54.7487   66.1915   40.7028   10.2844
    0.0625   47.7698   15.0657   48.4324   35.4347   35.7261   24.5532   64.5522   60.3779   45.2003   61.1845    30.004   12.2823   90.9012   77.7095   19.2542   34.4683   24.8936   34.1811   9.04091   62.7089   19.4435    38.918   19.3552   60.3989   64.3763   70.0896   41.1053   35.4868   38.4128   44.5558   18.7413   23.3498   38.9122   14.9016   69.6102   13.2108   37.6785   57.6028   39.4764   22.0904
    0.0625   55.9004   28.6056   35.9987   43.3352   51.2725   87.6297   59.2237   77.0695    31.227   58.9662   32.4258   11.2846   97.4334   57.5722   28.2152   25.8419    37.862   43.0654   19.0229   53.2954   10.2196    3.9354   55.7659   14.6201   5.19902   33.8534   30.3009   23.1675   35.9095   82.5695   27.9257   17.1912   25.1788   6.09737   48.4561   7.90972   26.6651    75.188   67.5182   6.99819
    0.0625   73.6231   25.8015   57.0919   16.3097   30.8939    69.909   21.9124   56.3583   34.0529   52.1941   13.2348   10.1416   104.636   88.1491   28.8534    23.338   14.3204   40.3888   13.4031   31.2991   6.96834   93.8878   28.6661   76.4911   38.5671   50.6742   9.34315   33.2983   30.3489   23.7562   27.1754     28.32   32.1682   13.4233    67.841    8.6402   31.5736   51.2275   69.4655   29.1361
    0.0625   29.9719   34.1651   59.2837   39.9651   23.0021     46.61   43.0569   74.4327    16.072   15.7774   21.5594   16.3983   63.4718   75.0168   13.9571   21.5357   36.1103   41.7649   5.46172   47.2772   18.3444   22.3862   54.0252   40.3514   64.9245   51.9293   102.758   38.0921   32.5103   50.0836   11.3862   3.30737   32.5006   10.9321   51.0297   5.74387   35.8058   84.5496   78.4579   26.3965
    0.0625   73.0337   27.5951   69.1341   41.0461   39.2113   84.6832   66.4562   48.4738   70.1475   24.2368   42.0923   9.89329   51.1969   62.7141   3.54791   3.26495   9.07474   39.5907   6.94925   45.8156   10.2369   80.4533   41.0457   71.2999   56.3375   55.9196   47.6603   8.09268   27.5261   35.2052   13.5651   12.7543   43.7532   11.6618   41.3942   14.4254   26.5744   41.4422   79.8338   28.0951
    0.0625   59.3679   28.9316   60.3321   13.2751   23.3437   54.9288   51.0324   27.7486    23.797   62.5203   30.4795   10.5749   24.1909   46.3314    18.302   4.46655   34.7728   90.1586    13.509   66.9733   7.98891   29.6288    48.228   17.5697   43.7259   63.9203   64.7888   28.4305   39.4339   69.1507   28.6176   39.0247   4.12189   7.19576    55.362   10.4718   38.2277   46.0757   28.0242   25.4925
