64
  0.015625    85.136   9.75601   32.8108   43.0398   28.0926   49.0488   25.7609   70.1037   31.8171    46.088   15.4884   22.1737   68.8466   52.2308   28.7018   25.5411   30.0793   94.5592   15.6421   32.6343   20.8544   36.2457   50.1641   58.9117   24.6212   66.4441   62.9216   1.40628   35.8656   17.6648   22.2653   13.7878   33.2467   11.1399   72.8363   12.6493   21.2617   56.8601   74.2776   35.7284
  0.015625   47.4561   21.1354    42.186   28.9346   51.6744   78.6375   53.2969   56.6078   53.1731   53.1012   33.3791   22.4979   80.9561   87.5741   15.6973   13.3098   38.4137   81.9381   22.0973   60.9308   8.81797   96.1337    62.005   76.7006   53.2184   65.8384   46.2298    39.418   42.3663   46.9699   18.4106   37.3568   35.9956    13.054   42.1053   11.3358   43.8761   24.3831   39.6857   32.0792
  0.015625   52.2639   29.2732   78.8484   26.7473   42.0501   36.9958   18.1245   57.8625   61.2358   47.5835   29.4786   5.79424   99.0735   80.3235   9.98583   23.0578   36.7213   83.2889   21.7942   47.9069   15.0066   19.5548   48.8522   36.7185   52.6079   62.8091   52.9869   26.7937   29.2459     62.97   12.9831   26.0253   26.5518   5.23695   78.2894    17.275   14.9971   39.9417   110.705   11.3875
  0.015625   26.0775   31.1776   81.6174   29.7521   56.5046    3.5647   49.5586   47.5147     37.35   87.7718   34.4285   25.8563   70.4651   89.0869   24.1972    22.853   28.7646   83.6978   15.0829   58.1727   7.07118   34.0294   48.3661   26.0206   11.5458   64.3584   77.7096   35.0559   55.1049   64.7079   24.9901   26.1508   42.7871   13.8626   36.7236   14.3436   22.2765     4.514    108.91   23.8329
  0.015625   61.4419   2.75491    39.282   24.4144   12.7866   14.8543   43.6979   70.9399   27.8909   47.8503   37.6481    10.278   93.6686   38.4276   6.55259   13.3002   18.6617   46.5324      18.2   20.3565   20.0089   35.1349   30.6102   50.0997   37.5372   75.9287   106.963   26.3348   23.5296   72.3464   21.7351   36.6467   43.5797   14.1224   66.2155   15.1664   35.6611   54.0386    102.76   24.0452
  0.015625   77.2834   34.1042   57.6223   21.8591   45.9466   90.4371   53.8675   56.0568   27.3113   59.7691   17.3609   23.2669   84.0676    78.925   23.5992     24.14   32.7378   66.8143    8.7898   41.1863   17.9806   93.3762   26.4009   54.0407   7.57641   49.5062   74.6603   31.8387    42.649    74.165    12.827   41.4398   9.49794   12.8496    80.758   9.11162   40.4738   47.1008   97.5815   26.4141
  0.015625   55.3536   35.1714   83.4971   22.6542   17.4238   76.4887   19.0733   65.6364   65.4108    70.897   29.8767   20.1332   54.3071   51.3543     12.98   31.7509   21.1145   100.123   21.4685   34.0846   17.9898   56.4305   24.8563    72.014   50.4985   72.0786   73.1838   11.5462   39.6349   55.1196   17.9877   22.8776   14.4678   12.2383   40.8746   14.0207    40.285   34.9874   84.9793   32.9658
  0.015625   35.5578   22.2783   76.5446   19.3983   47.0684   27.2219   45.8689   67.6829   41.2849   78.2733   41.0354   17.5926   78.8519    84.272   25.5407   14.1005   28.8655   64.8846  0.961983    15.177   11.2334   61.9643    61.027   40.1645   34.2892   71.7286   31.5291     28.97   51.5545   49.3884   27.4128   9.90238   38.5381   10.1636   63.8602   14.8712   55.6686   77.7834   51.0411   13.4624
  0.015625    12.149    14.283   62.1617   40.3195   37.4101   16.9154   36.2414    79.685     37.79   65.7795   10.8261   20.3265   65.8744   83.7926   29.1429   19.9099   33.7677   98.9411   6.83874   46.4933   1.88933   94.6935   49.3663   77.3846   57.3618   78.1842   82.3622   15.1865   29.5176   9.58661   10.8561   18.2422   26.0014   6.62869    54.751   10.3214   23.3032   76.0243   57.2498   24.6585
  0.015625   22.8134   27.0381   66.2713   36.8702    58.243   29.2451   7.12477   41.7404   56.7653   51.1828   32.9575   16.9031   97.1905   60.2374   32.3187   43.7746   28.6729   90.3374   16.8504   49.7106   15.9384   76.0607   41.4718   20.5991   42.9892    34.681   33.8078   16.9945   38.3042   30.5725   29.7554   43.3527   33.7458   6.63147   47.9519   14.7712   54.7487   66.1915   40.7028   10.2844
  0.015625   47.7698   15.0657   48.4324   35.4347   35.7261   24.5532   64.5522   60.3779   45.2003   61.1845    30.004   12.2823   90.9012   77.7095   19.2542   34.4683   24.8936   34.1811   9.04091   62.7089   19.4435    38.918   19.3552   60.3989   64.3763   70.0896   41.1053   35.4868   38.4128   44.5558   18.7413   23.3498   38.9122   14.9016   69.6102   13.2108   37.6785   57.6028   39.4764   22.0904
  0.015625   55.9004   28.6056   35.9987   43.3352   51.2725   87.6297   59.2237   77.0695    31.227   58.9662   32.4258   11.2846   97.4334   57.5722   28.2152   25.8419    37.862   43.0654   19.0229   53.2954   10.2196    3.9354   55.7659   14.6201   5.19902   33.8534   30.3009   23.1675   35.9095   82.5695   27.9257   17.1912   25.1788   6.09737   48.4561   7.90972   26.6651    75.188   67.5182   6.99819
  0.015625   73.6231   25.8015   57.0919   16.3097   30.8939    69.909   21.9124   56.3583   34.0529   52.1941   13.2348   10.1416   104.636   88.1491   28.8534    23.338   14.3204   40.3888   13.4031   31.2991   6.96834   93.8878   28.6661   76.4911   38.5671   50.6742   9.34315   33.2983   30.3489   23.7562   27.1754     28.32   32.1682   13.4233    67.841    8.6402   31.5736   51.2275   69.4655   29.1361
  0.015625   29.9719   34.1651   59.2837   39.9651   23.0021     46.61   43.0569   74.4327    16.072   15.7774   21.5594   16.3983   63.4718   75.0168   13.9571   21.5357   36.1103   41.7649   5.46172   47.2772   18.3444   22.3862   54.0252   40.3514   64.9245   51.9293   102.758   38.0921   32.5103   50.0836   11.3862   3.30737   32.5006   10.9321   51.0297   5.74387   35.8058   84.5496   78.4579   26.3965
  0.015625   73.0337   27.5951   69.1341   41.0461   39.2113   84.6832   66.4562   48.4738   70.1475   24.2368   42.0923   9.89329   51.1969   62.7141   3.54791   3.26495   9.07474   39.5907   6.94925   45.8156   10.2369   80.4533   41.0457   71.2999   56.3375   55.9196   47.6603   8.09268   27.5261   35.2052   13.5651   12.7543   43.7532   11.6618   41.3942   14.4254   26.5744   41.4422   79.8338   28.0951
  0.015625   59.3679   28.9316   60.3321   13.2751   23.3437   54.9288   51.0324   27.7486    23.797   62.5203   30.4795   10.5749   24.1909   46.3314    18.302   4.46655   34.7728   90.1586    13.509   66.9733   7.98891   29.6288    48.228   17.5697   43.7259   63.9203   64.7888   28.4305   39.4339   69.1507   28.6176   39.0247   4.12189   7.19576    55.362   10.4718   38.2277   46.0757   28.0242   25.4925
  0.015625   22.0913   14.9829   19.0523   39.0787   37.1698    55.072   37.2498   44.6281   35.6016   42.5366   41.7405   24.4902   54.3967   92.9952   25.1205   18.1696   23.1794   87.8423   14.4527    46.334   17.2519   97.3841   33.5631   68.1236   26.7455   43.1226   66.9984   32.2002   48.2991   49.4695   30.1954   25.7309   43.6951   12.9303   40.9794   5.28574   50.6418    83.549   87.8132   19.2005
  0.015625   60.4096   24.8253   82.9101    45.574   19.8959   66.6278   34.7822   15.9628   44.4723   9.86371   37.1141   20.7021   89.2572   94.6605   21.5959   33.3939   20.8993   52.1439   1.87476   55.4232    13.884   34.9226   27.6164    42.251    40.382   84.2055   78.8575   8.88716   53.0697   37.5674    25.351   16.3837   39.6736   13.0495    56.219   9.28898   50.4712   64.4464   83.7505   19.2897
  0.015625   55.0787   26.6361   67.4659   37.2416   52.6373   91.2311   32.2174   12.8159   23.0831   66.6947   40.3047   5.48239   91.4039    38.531    15.115   22.7701   11.7568    50.283   18.2059   62.9028   15.6319   88.3285   61.9442   48.3298   27.8726   67.4588   63.1842   18.4265   33.9068   64.9923   9.90247   26.7999   20.0887   13.9173   29.9153    10.258   32.9526   64.0989   45.5659   20.1746
  0.015625   81.4659   38.6818   78.1865    36.761   58.1972   77.3518   48.6299    30.423   43.9644   30.3524   33.3571   8.86771   79.0224   85.2617   12.2616   37.9102   26.6646   63.8743   16.8564    54.907   18.2339   71.2881   60.6348   84.7346   43.3731   79.9953   85.4711   19.1127   17.1133   69.0648   22.3514   42.5117   34.5156   12.4459   19.9926   17.5293   40.4553   51.1512   83.3663   14.5175
  0.015625   56.4432   28.7501   82.0307   28.8134   43.1271   39.4637   9.77027   34.5768   45.5269   68.4433   35.1214   10.8281   19.5053   99.2515   21.8918   21.9155   7.69738   104.542   12.1373   33.7559   11.4225   37.6956   50.9434   89.2148   37.2334    22.459   44.5713   30.0591   51.9193   28.5289    24.987   29.9148   26.3361   13.4378   80.2704    9.3482   18.7782    81.461   49.6536   11.7241
  0.015625   15.9311   15.7761   63.0832   39.7246   56.2799   47.3554    66.889    43.658   35.1991   70.8395   34.7781   23.2998   67.0094   42.6086   23.0374   6.63281   6.41346   113.707   5.72998    51.491   17.1239   58.0185   31.1782   32.6426   62.5583   61.1634   53.4047   19.4547   18.8244   58.8511   22.3024   17.2039    17.272   10.2361   52.8393   17.4821   41.4807   19.9677    89.714   18.7445
  0.015625   63.9913   21.3741   81.7201   20.8142   17.0628   54.2885   39.6239   61.2068   49.5993   67.5404   6.34814   20.5928   93.2343   81.8887   18.4928   15.7335   26.4737   88.7202   15.9169   32.4874   3.78713   39.4395   32.9665   83.5169    33.354   63.2027   84.1822   31.1496   36.7044   75.5711   24.3235   15.7838   15.7302   3.42328   60.1584   17.6323   45.4754   51.6454   50.1918   25.5067
  0.015625   48.6993   26.0486   37.5644   37.7849   36.8403    82.941   59.8233   55.0005    39.209   31.4208   34.1766   14.1061   76.4227   37.7064   32.7158   41.1127   8.54279   69.4332   19.8181   22.7492   13.2989    72.661   54.0144   30.5784   37.9236   20.2574    87.084   25.4594   14.2923   59.9843   16.5611     35.28   20.8605   15.1879   74.5842   11.7047   43.9007   12.1526   85.9233    21.281
  0.015625   30.4819   35.0967   28.0349   42.4245   50.7971   76.1673    41.863   76.3967   61.2269   61.9972   29.9516   16.9751   50.5504   61.3817   30.9589   29.1378   25.7859   74.7092   6.25163   40.9403   7.86368   78.1965   57.4682   69.2723   29.4563   53.9952   59.1437   37.4669   23.7689   57.3945   22.7729   31.5179   23.2733   9.18407   68.4869   17.9184   45.9289   69.6247   19.7719   10.3864
  0.015625   58.5796   30.6046   71.7478   24.8435   10.7058   49.9054   42.0311   5.82863   33.7905   78.5162   22.8432   14.8756   68.5973   47.6294   27.7323    41.473   31.0752   59.2011   13.7834   51.8216   8.27922   109.066   54.9862   65.1404   29.4658   82.2158   76.7644   19.8492   34.0002    57.169   17.3923   22.7465   34.9871   2.17061   53.0495   16.7946   38.5026   85.1643   76.7014   31.0076
  0.015625   80.5632   16.6244   71.9618    46.388   39.5202   89.8635   50.5081   66.2204   35.6342   38.3325   19.7204   20.4162   53.0574   65.3145   21.6088   21.8777   33.6144   61.9784   12.4417   68.4904   11.3657      81.4   63.2004   41.6992   62.2403   74.5925   76.4319   31.0375    28.363   39.8017   23.6127   33.1282   27.6865   14.8034   70.9913   15.7152   38.0233    59.817   94.5028   32.6215
  0.015625   69.0469   29.9048   74.3626   33.6072    65.169   66.2346   38.8979   35.0068   48.2624   34.0057   16.6952   21.7675   57.8228   63.2685   29.4551   25.3557   16.6451   86.7467   16.1282   38.0444   13.6363   69.3193   41.8151   83.7792   6.07733   51.5901   56.3276   32.7514   39.7343   40.6398   11.6729   42.0636   12.2401   8.66452   82.5254   10.9459   27.2027   35.7447   96.8229   21.1474
  0.015625   54.5254   22.4957   47.9463   33.1607   18.3017   86.8547   27.4273   58.6531   48.8635   66.3209   41.6286   21.7014     58.15   86.8253   14.6526   35.2196   19.9883   62.8337   14.1019   44.6932    7.4132   52.6199   29.7934   58.6925   49.6353    68.294   86.8166   33.6689   47.4708   38.4764   9.56126   22.3786   32.9804   9.15672   65.0917   15.5708   49.0347   74.1799   99.8969   25.2558
  0.015625   65.5073   26.9201   56.3636     38.62   51.6487   57.7541   45.5899   77.8388   33.0388   81.0674   24.3389   6.15611   88.3765   61.1371   24.0728   41.0279   28.2845   58.3179   15.3207    55.772   18.9148   54.6373   5.77876   58.5715   64.7122   64.2326    33.488   37.3258   51.8518   53.6387   31.9709   38.7654   15.9524   3.72041   61.6785   10.2075   48.6197    61.644   105.455   20.8071
  0.015625   36.8085   29.7476   61.5178   24.0377   40.1051   68.2381   16.0486   52.6094   55.6284    39.195   32.7676   25.2969   73.7936   29.4316   22.4715   17.0844   39.5924   90.7518   8.13145   32.0903   9.83308   55.5698   35.0415   24.8177   48.6745    60.513   79.2124   24.3751   38.1467   45.4483    27.848   5.00726    13.212   11.3679   58.9851    7.9515   25.7887   42.7388   69.8762   34.2831
  0.015625   37.6173     23.24   73.9736   16.0035   56.0933   79.5935   25.1379   72.5211   20.2164   74.1181   27.8693   9.02094   63.1502   39.7339   17.2456    13.099   31.0536   65.0824    16.317   26.2087   19.1476   71.3872   29.6616   82.8757   19.7532   36.3192   114.011   31.3821   31.3054   33.0499   20.9079   15.3428   26.9054   7.53687   60.6929   4.14018   39.1206   72.5404   107.067   26.0529
  0.015625   21.3399   24.2234   84.6427    34.098   13.8359   50.0637   55.1013   44.4658   39.3152   34.4728   25.5422     11.13   61.5918   97.4633   13.1734    26.096   26.2551   85.3048   20.1044   44.5841   19.6833   66.5304   52.7798   64.7961   51.0008   59.3629   64.3242   28.4049   14.3543   57.7354   9.36149   33.2332   26.6279   10.5512   77.6889   9.90416   56.6496   62.9429   33.1779     11.26
  0.015625   62.2109   8.05208   72.9102   38.1305   32.5309   63.4525   63.5481   39.0197   18.7475   51.7609   37.3984   11.7548   67.2225   92.7054   16.8653   32.3525   27.2284   61.4377   7.62124   55.9439   13.3639   91.5346   58.6259   60.3318   42.1498   58.0878   91.4234   26.2515   22.7508   28.0119   26.7343   33.4231   2.88891   14.0941   34.7745   9.00853   41.8105   52.9514    112.28   18.1674
  0.015625   50.2126    31.559   46.2507   12.4806   50.9961   68.5131   58.7582   58.0202   22.1913   86.8247   22.4497   20.3963   77.6569     53.18   13.3479   36.6195   23.4252   49.7058    8.3007   56.2387   11.0811   16.6596   23.5469    53.953   32.9442   55.5088   65.9838   32.9702   31.4953   73.8344   26.3452   36.5477   41.3723   7.09319   78.2183   16.1123   22.3794   71.4547    92.786   23.3374
  0.015625   48.0815   23.9713   76.6802   29.3722   47.6093   23.6381    39.229   50.2013   52.7789   74.4933   16.4097   22.4901   81.5257    54.849   11.6467   32.8586   15.2956   57.4442   4.81878   15.6654   5.80285   41.6434    26.954   66.1911   54.6094   35.0686   68.6656   32.7646   33.8077   63.6776   16.6806   35.3896   37.2776   4.76417   58.3778   15.9375   55.1025    30.111   80.6802   34.4194
  0.015625   13.5471   21.8596   65.6813   41.3661   53.7802   59.4085   55.2664   58.8997   53.9956   61.2479   20.9165    19.476   71.8038   77.9117   16.1789   31.2328   29.9084   42.3557   16.2814   44.8576   15.4872   56.8914   42.7671   60.0465   61.3941   3.38643    63.765    23.975    45.753   72.7109   4.48797   36.5042   40.0097   10.5639   72.4124   10.6222   34.0459   58.4748   60.4883   14.6326
  0.015625   55.6275   17.9948   45.6234   49.0454   44.7085   19.8346   54.8007   81.3049   62.2449   68.3615   11.2673   8.41864   34.4643   105.051   21.0921   9.71636   11.2622   111.059   11.3783   60.3889   9.89376   24.8442   44.7284    44.441   25.9394   61.7836   86.8716   30.1499   39.6159   48.0888   14.5656   26.5109   6.04153   9.97723   48.5679   7.18171   28.0055   40.8633   85.3941   24.3757
  0.015625   61.1846   29.0366   75.2958    27.255    16.565   71.9997   30.9912   80.6749      46.5   57.7121   23.9619   25.0191   69.3439   53.7766   1.17424   38.1299   21.8915   73.6252   11.6892   27.9867   11.3485   104.503   18.0114    72.298   17.1515   40.2469   92.1344   26.2929    37.192   68.3525    22.341   37.9545   21.4063   8.82449   45.1685   14.6525   22.1164   85.6658   88.6093   15.0489
  0.015625   70.3277   17.7481   80.9064   45.9719   57.2872   76.5756   53.5503   47.5819   13.8079   32.8862   7.97454   15.0619   3.87529   73.0074   23.8271   34.8914   18.2838   86.9277   13.3824   62.5104   13.7932   80.1168   47.7495   73.8043   47.6822   72.4534   69.5975   22.7983   39.1699    77.059   17.7269   12.1554   27.4265   13.4588   47.3535   14.3277   33.1537   74.4377   59.0472     24.04
  0.015625   72.1833   17.2565    67.627   17.2895   30.6616   61.3688   41.7326   83.7122   26.9454   79.1999   33.7388    13.377   49.1257   75.9452   26.3064   33.8791   32.7954   37.9161   4.33433   67.4411    14.973   84.0144   56.2497   67.3497   45.4503   53.0715   25.6214   22.0528   44.7932    77.806   12.3264   43.0763   42.0042   12.4491   57.5378   9.58936    22.325   39.4358   96.2343   26.2033
  0.015625   70.8453   16.3181   58.2472   36.0189   44.1846   83.4696   42.9549   50.9224   18.3768   35.3115   32.2372   26.5713   41.6434   48.3543   11.9515   41.7186   39.6395   71.6959   12.0745   21.4845   17.7669    63.223    51.977   38.4565   15.1173   49.0265   49.8199   20.2967    24.394   54.4247    20.574   30.8781   32.0827   15.4667   66.9886   13.3633   47.0284    39.039   52.5366   16.3003
  0.015625   79.6865   32.5667   63.4875   37.4436   37.9006   34.2022   8.46429   34.1835   24.7198   58.2454   21.9278   6.52111   71.4505   52.3365   18.6357   32.1549    16.877   56.4771   14.1372   48.7446    13.068    56.179   25.4501   77.3479   24.8761   72.5339   28.0918   25.0414   26.2962   44.5934   23.1141   25.0885   35.6161   12.7048   62.2138   11.9096   27.8132   24.4093    56.788   16.7542
  0.015625   80.1206   20.3021    25.518   30.4026   31.1733   42.1229   43.3155   48.2678   31.0132   57.1958   20.3872   15.7456   104.794   56.3584    16.031   31.0692    27.263   80.4511   8.23663   12.1437   7.34019   53.4815   38.4621   55.3502   41.4613   78.8365   14.5823   29.2881    42.676   56.5757   14.9242   28.9226   15.6757   7.97642   53.7579   10.9488   29.0914    78.929   54.2199    25.045
  0.015625   39.9383   20.5871   86.3395   11.4091   59.8913   6.65588   37.6203    59.362   47.5287   36.3133   21.9336   23.7133   64.9834   79.1724   25.8469   32.7504   1.19852   31.4393   17.8398   25.0135   16.6035   92.1211   45.5703   90.4637   50.6281   6.42381   96.4546   23.6866   30.8316   47.8906   10.6981   30.7077   29.7032   10.9072    52.488   15.4789   28.2844   53.1263   54.0447    30.222
  0.015625    85.987   30.4219   53.3826   40.0266   32.2827   81.2511    38.558   80.5483    30.136   54.4751   14.7997   8.82786    57.033   67.6353   22.2753   32.0127   27.3396   78.7592   17.2461   33.4686   4.59065   53.6603   39.3684   51.9771   31.4412   58.7154   34.3735   19.0864   46.1907    64.969   5.93284      19.5   37.2166   5.21757   20.2251   9.99997   41.0828   31.2468   34.8091   18.7726
  0.015625   43.8607    24.458    74.865    23.026     35.25   62.5097   68.4036   86.0952   21.4263   50.0752   39.9779   15.2246   70.7813    100.43   23.7835   38.4624   27.7298   111.395   21.0829   43.5647    10.806   74.5764   47.4025   60.9493   45.5212    65.646   91.4904   13.6845   34.4323   29.5678   20.8109   28.0142    22.338   7.23098   50.0106   12.7528   25.6226   26.0472   72.6948   28.4356
  0.015625   74.5454   13.9087   69.4515   33.0374   26.2531   28.2256   40.1458   45.4035    64.536   83.7476   19.8543   23.1008   103.359   25.3635   11.8303   14.5691   27.9767   86.3797   5.84003   69.5989   5.23292   50.5795    52.744   60.8783   25.5733   15.2638   57.1216   18.8974    12.923   22.4976   25.4549   40.6676   28.3041   14.2293   46.7046   14.6592   49.2782   46.2226   105.343   27.7864
  0.015625   44.5359   36.3419   77.3557   24.4251   51.3545   91.6716   62.5843   62.3826   46.0044   43.6305   21.4175   20.9627   69.7947   75.1796   19.5906   23.5914   22.7306   32.5636   16.4009   34.4438     13.78   63.9606   53.1134   57.2109    58.608   29.5709    11.067   29.6468   27.8503   66.5201   19.9735   14.1612   17.5249    10.089   63.9345   1.84811    12.645   36.2034   84.4185     26.61
  0.015625   75.8577   18.0904   48.9734   31.3894   49.1466   79.4648   34.2693   74.7948   24.6649   7.51362   7.68017   19.6834   31.4985   73.9523   21.7527   1.56711   28.5205   55.9638   13.9793   44.5194    16.137   42.6177   15.6873    63.564   65.9582   57.7524   86.3608   20.9869   21.6263   75.4169   25.3626   27.6059   36.8045   11.2382   51.4206   11.3706   46.7107   62.4782   93.6306   23.9276
  0.015625   36.3968   23.8959   11.8615   25.9139   21.1122   74.1165   36.9896   25.7053   41.7563   50.7844   8.31425   12.2991   88.6497   76.9709   8.09427   44.1629   21.8053   93.5533   14.7697   23.6986   8.43019   64.8993   41.7157   37.1144   49.9481   62.4191   88.3605   33.4867   29.4299    70.898   12.0235   7.61079   25.8156   8.49004   37.7647   13.6711   34.6528   70.2734    98.476   30.7046
  0.015625   64.2445   28.1058   53.8931   1.78554   44.2305   52.3179   5.07605    65.229   59.2563   77.4203   35.4564   11.7768   109.968   117.084   15.9017   45.4155   10.6095   48.4006   17.9059    48.172   13.8396   60.1648   59.4501   49.4616   44.5765   62.6187    98.317    23.701   4.90453   54.2888   19.8534   12.8972   15.9438   9.57225   58.9298   1.49875   49.8271   29.8237    67.041   29.0698
  0.015625   54.8026    12.021   77.8449   36.8956    24.594   88.8407   49.3174    66.314   58.5579   75.5566   10.3002   21.7652   76.2097   111.993   19.9639   18.0139   7.38521   91.6964   16.7244   33.2929   14.6975   28.1568   61.5609   78.5182   30.1142   69.1641    75.177   18.7003   42.6173   43.2874   21.8478   41.1663   28.0202   9.47944   63.0668    9.5083   59.2166   54.1033   47.9004   28.1609
  0.015625   83.8436   19.8153   40.9679   13.8434   32.6863   74.4129   49.9167   29.7519    34.893   25.5921   14.3692   18.5573   77.4987   44.5292   24.4612   24.4617   22.1366   92.3196   7.49305   59.4751   20.3937   84.5751   30.1702   4.94488   42.9726   46.9254   60.5069   21.3177    43.649   18.2473    10.287   19.8582   10.5867   2.60005   71.8218   10.2436    31.959   74.3243   59.9421   2.82313
  0.015625   74.2326   14.2942   51.0107   29.9095   25.9232   56.6775   37.2053   81.8175   23.9658   44.3204   13.6783   17.6631   102.172   109.002   32.0673   23.9454    19.658   61.7916   7.01447   65.8814   16.8834   59.3184   42.0105   63.8293   46.4686   77.1589   90.4652    28.359   42.4132   81.5015   20.4811   37.8951   41.2207   4.28517   39.3977   12.6958   5.35225   36.4612   63.6313   21.6337
  0.015625    76.915   34.6123   42.3206   30.1571   46.5045   33.6578   48.7752   46.8668   50.1962   37.1206   5.64764   22.0144   88.5811   95.7847    17.887   29.8852   17.3528   107.653   19.1826   45.7535    16.179   80.2231   51.9557   26.8873   49.2351   27.8779    82.225   37.1045    28.905   54.7102   22.0915   30.0118   27.0028   6.87778   46.6245    8.9284   48.6826   53.1539   21.9607   36.3015
  0.015625   65.2551    27.523   68.5894   20.2557   36.1647    80.385   25.7173   45.3869   65.8403   54.3394   17.7134   18.9645   54.8278   66.7425   17.9432   23.8711   18.1859   78.3925   19.0201    23.055   19.8493   40.7716   59.1817   51.2943   46.9732   69.7602   84.7104    26.845    34.012   37.8901   28.2873   28.3455   38.0075   11.1861    56.196   10.7595   21.9099   68.4658   98.9458   24.3078
  0.015625   3.18834   26.4484   7.60212   33.2865   58.8944   72.1612   62.0139   51.4783   61.5726   48.2203   21.8122   20.5441   30.0922   54.4341   32.8989     42.23   13.9786   41.3691   16.9824   39.9765   11.3127   48.8029    43.634   50.8778   33.0258   63.5014   102.189   21.7526   22.2203    50.251   29.3237   11.6794    32.833   13.2133   63.9235   6.05302    42.273   71.2827   62.3447   36.5218
  0.015625    74.864   24.2735   59.9655   31.7121    48.657   85.7733   28.8478   31.7896   47.8451   68.9885   20.4355   3.94804   90.6098   89.3455   29.5661   40.0167   30.4712   91.2138   5.33594   59.8821   15.2177   44.6584   57.5801   74.0204   23.2998   52.8977   100.178    26.221   49.1298   62.0009   6.54281   35.1102   28.9311   8.71916   69.4232   12.0729   32.0765   69.9159   81.3691   28.9396
  0.015625   8.61901   26.1072   96.0251   9.22339   29.6186   81.9561   56.5762   28.5239   23.8585   58.0151   30.8434   16.0064   57.2281   46.5422   5.32319   35.0167   38.6451   84.4248   8.00479   41.6217   13.7079   22.5986   34.9887   81.5646   17.8433   46.1909   54.7576   31.5911   24.1311     20.97   16.1802   32.9649   31.4455   12.3951   26.0262   15.3632    42.427   20.9477    101.17   26.8428
  0.015625   48.3914   31.7248   66.3752   38.6089   60.4116   81.2805   45.3758   81.5174   29.7437   73.8566   26.3555   22.0826   55.0391   72.0695   23.2138    29.019   33.1063   81.8508   19.5105   57.6395   19.9656   7.34716    43.175   39.4879   52.9205   18.2284   78.9892   17.4104     41.11   65.3241   25.7747   35.9342   33.8024   9.25827   34.3841   16.1773   28.3789   70.9647   58.3742   25.4002
  0.015625   65.0026   4.69852   44.0808   34.3073   41.8719    77.171   31.5704   53.7841   51.0066    69.471   39.4107   19.0537   29.9913   91.7952   22.0109   33.2326   36.9901   62.4777   7.41271   46.0792   12.7431   92.3427   29.0539    33.618   44.8578   45.3492    83.611   33.5474   12.6966    48.924   16.3783   27.2217   32.8458   4.79271   27.7856   4.65009   18.7925   67.2071   58.4501   26.2328
  0.015625   71.1056   11.6634   55.8889   40.6508    28.594   60.5657   61.4179   63.4885   42.0901   47.7276   36.4628   17.0663   40.8259     107.9    7.2286   36.6597   17.8325   45.8218   20.6872   40.1675   10.7732   87.3433    55.156   59.4336   30.4732   45.0014   55.3258   29.2536   56.5612   65.3128   12.2404   29.3493   27.9473   13.3717   54.2972   11.5064   52.6419   12.7426   78.1297   28.0698
  0.015625   68.5383   22.7353   48.6701   42.2094    45.107   93.9508   25.2205   43.5815   15.5577   42.8806   13.0211   21.3994   113.989   81.0977   9.94007   37.8521   30.1146   97.2574   12.2778   66.2562   13.0272   36.0858   49.9953   78.6828   33.9959   22.3868   94.1269   12.6658   28.5928   5.65176   11.5848   22.8664   37.3565   13.7433   46.0552   8.41018   44.5418   49.0804   78.5571   29.3196
