32
   0.03125    85.136   9.75601   32.8108   43.0398   28.0926   49.0488   25.7609   70.1037   31.8171    46.088   15.4884   22.1737   68.8466   52.2308   28.7018   25.5411   30.0793   94.5592   15.6421   32.6343   20.8544   36.2457   50.1641   58.9117   24.6212   66.4441   62.9216   1.40628   35.8656   17.6648   22.2653   13.7878   33.2467   11.1399   72.8363   12.6493   21.2617   56.8601   74.2776   35.7284
   0.03125   47.4561   21.1354    42.186   28.9346   51.6744   78.6375   53.2969   56.6078   53.1731   53.1012   33.3791   22.4979   80.9561   87.5741   15.6973   13.3098   38.4137   81.9381   22.0973   60.9308   8.81797   96.1337    62.005   76.7006   53.2184   65.8384   46.2298    39.418   42.3663   46.9699   18.4106   37.3568   35.9956    13.054   42.1053   11.3358   43.8761   24.3831   39.6857   32.0792
   0.03125   52.2639   29.2732   78.8484   26.7473   42.0501   36.9958   18.1245   57.8625   61.2358   47.5835   29.4786   5.79424   99.0735   80.3235   9.98583   23.0578   36.7213   83.2889   21.7942   47.9069   15.0066   19.5548   48.8522   36.7185   52.6079   62.8091   52.9869   26.7937   29.2459     62.97   12.9831   26.0253   26.5518   5.23695   78.2894    17.275   14.9971   39.9417   110.705   11.3875
   0.03125   26.0775   31.1776   81.6174   29.7521   56.5046    3.5647   49.5586   47.5147     37.35   87.7718   34.4285   25.8563   70.4651   89.0869   24.1972    22.853   28.7646   83.6978   15.0829   58.1727   7.07118   34.0294   48.3661   26.0206   11.5458   64.3584   77.7096   35.0559   55.1049   64.7079   24.9901   26.1508   42.7871   13.8626   36.7236   14.3436   22.2765     4.514    108.91   23.8329
   0.03125   61.4419   2.75491    39.282   24.4144   12.7866   14.8543   43.6979   70.9399   27.8909   47.8503   37.6481    10.278   93.6686   38.4276   6.55259   13.3002   18.6617   46.5324      18.2   20.3565   20.0089   35.1349   30.6102   50.0997   37.5372   75.9287   106.963   26.3348   23.5296   72.3464   21.7351   36.6467   43.5797   14.1224   66.2155   15.1664   35.6611   54.0386    102.76   24.0452
   0.03125   77.2834   34.1042   57.6223   21.8591   45.9466   90.4371   53.8675   56.0568   27.3113   59.7691   17.3609   23.2669   84.0676    78.925   23.5992     24.14   32.7378   66.8143    8.7898   41.1863   17.9806   93.3762   26.4009   54.0407   7.57641   49.5062   74.6603   31.8387    42.649    74.165    12.827   41.4398   9.49794   12.8496    80.758   9.11162   40.4738   47.1008   97.5815   26.4141
   0.03125   55.3536   35.1714   83.4971   22.6542   17.4238   76.4887   19.0733   65.6364   65.4108    70.897   29.8767   20.1332   54.3071   51.3543     12.98   31.7509   21.1145   100.123   21.4685   34.0846   17.9898   56.4305   24.8563    72.014   50.4985   72.0786   73.1838   11.5462   39.6349   55.1196   17.9877   22.8776   14.4678   12.2383   40.8746   14.0207    40.285   34.9874   84.9793   32.9658
   0.03125   35.5578   22.2783   76.5446   19.3983   47.0684   27.2219   45.8689   67.6829   41.2849   78.2733   41.0354   17.5926   78.8519    84.272   25.5407   14.1005   28.8655   64.8846  0.961983    15.177   11.2334   61.9643    61.027   40.1645   34.2892   71.7286   31.5291     28.97   51.5545   49.3884   27.4128   9.90238   38.5381   10.1636   63.8602   14.8712   55.6686   77.7834   51.0411   13.4624
   0.03125    12.149    14.283   62.1617   40.3195   37.4101   16.9154   36.2414    79.685     37.79   65.7795   10.8261   20.3265   65.8744   83.7926   29.1429   19.9099   33.7677   98.9411   6.83874   46.4933   1.88933   94.6935   49.3663   77.3846   57.3618   78.1842   82.3622   15.1865   29.5176   9.58661   10.8561   18.2422   26.0014   6.62869    54.751   10.3214   23.3032   76.0243   57.2498   24.6585
   0.03125   22.8134   27.0381   66.2713   36.8702    58.243   29.2451   7.12477   41.7404   56.7653   51.1828   32.9575   16.9031   97.1905   60.2374   32.3187   43.7746   28.6729   90.3374   16.8504   49.7106   15.9384   76.0607   41.4718   20.5991   42.9892    34.681   33.8078   16.9945   38.3042   30.5725   29.7554   43.3527   33.7458   6.63147   47.9519   14.7712   54.7487   66.1915   40.7028   10.2844
   0.03125   47.7698   15.0657   48.4324   35.4347   35.7261   24.5532   64.5522   60.3779   45.2003   61.1845    30.004   12.2823   90.9012   77.7095   19.2542   34.4683   24.8936   34.1811   9.04091   62.7089   19.4435    38.918   19.3552   60.3989   64.3763   70.0896   41.1053   35.4868   38.4128   44.5558   18.7413   23.3498   38.9122   14.9016   69.6102   13.2108   37.6785   57.6028   39.4764   22.0904
   0.03125   55.9004   28.6056   35.9987   43.3352   51.2725   87.6297   59.2237   77.0695    31.227   58.9662   32.4258   11.2846   97.4334   57.5722   28.2152   25.8419    37.862   43.0654   19.0229   53.2954   10.2196    3.9354   55.7659   14.6201   5.19902   33.8534   30.3009   23.1675   35.9095   82.5695   27.9257   17.1912   25.1788   6.09737   48.4561   7.90972   26.6651    75.188   67.5182   6.99819
   0.03125   73.6231   25.8015   57.0919   16.3097   30.8939    69.909   21.9124   56.3583   34.0529   52.1941   13.2348   10.1416   104.636   88.1491   28.8534    23.338   14.3204   40.3888   13.4031   31.2991   6.96834   93.8878   28.6661   76.4911   38.5671   50.6742   9.34315   33.2983   30.3489   23.7562   27.1754     28.32   32.1682   13.4233    67.841    8.6402   31.5736   51.2275   69.4655   29.1361
   0.03125   29.9719   34.1651   59.2837   39.9651   23.0021     46.61   43.0569   74.4327    16.072   15.7774   21.5594   16.3983   63.4718   75.0168   13.9571   21.5357   36.1103   41.7649   5.46172   47.2772   18.3444   22.3862   54.0252   40.3514   64.9245   51.9293   102.758   38.0921   32.5103   50.0836   11.3862   3.30737   32.5006   10.9321   51.0297   5.74387   35.8058   84.5496   78.4579   26.3965
   0.03125   73.0337   27.5951   69.1341   41.0461   39.2113   84.6832   66.4562   48.4738   70.1475   24.2368   42.0923   9.89329   51.1969   62.7141   3.54791   3.26495   9.07474   39.5907   6.94925   45.8156   10.2369   80.4533   41.0457   71.2999   56.3375   55.9196   47.6603   8.09268   27.5261   35.2052   13.5651   12.7543   43.7532   11.6618   41.3942   14.4254   26.5744   41.4422   79.8338   28.0951
   0.03125   59.3679   28.9316   60.3321   13.2751   23.3437   54.9288   51.0324   27.7486    23.797   62.5203   30.4795   10.5749   24.1909   46.3314    18.302   4.46655   34.7728   90.1586    13.509   66.9733   7.98891   29.6288    48.228   17.5697   43.7259   63.9203   64.7888   28.4305   39.4339   69.1507   28.6176   39.0247   4.12189   7.19576    55.362   10.4718   38.2277   46.0757   28.0242   25.4925
   0.03125   22.0913   14.9829   19.0523   39.0787   37.1698    55.072   37.2498   44.6281   35.6016   42.5366   41.7405   24.4902   54.3967   92.9952   25.1205   18.1696   23.1794   87.8423   14.4527    46.334   17.2519   97.3841   33.5631   68.1236   26.7455   43.1226   66.9984   32.2002   48.2991   49.4695   30.1954   25.7309   43.6951   12.9303   40.9794   5.28574   50.6418    83.549   87.8132   19.2005
   0.03125   60.4096   24.8253   82.9101    45.574   19.8959   66.6278   34.7822   15.9628   44.4723   9.86371   37.1141   20.7021   89.2572   94.6605   21.5959   33.3939   20.8993   52.1439   1.87476   55.4232    13.884   34.9226   27.6164    42.251    40.382   84.2055   78.8575   8.88716   53.0697   37.5674    25.351   16.3837   39.6736   13.0495    56.219   9.28898   50.4712   64.4464   83.7505   19.2897
   0.03125   55.0787   26.6361   67.4659   37.2416   52.6373   91.2311   32.2174   12.8159   23.0831   66.6947   40.3047   5.48239   91.4039    38.531    15.115   22.7701   11.7568    50.283   18.2059   62.9028   15.6319   88.3285   61.9442   48.3298   27.8726   67.4588   63.1842   18.4265   33.9068   64.9923   9.90247   26.7999   20.0887   13.9173   29.9153    10.258   32.9526   64.0989   45.5659   20.1746
   0.03125   81.4659   38.6818   78.1865    36.761   58.1972   77.3518   48.6299    30.423   43.9644   30.3524   33.3571   8.86771   79.0224   85.2617   12.2616   37.9102   26.6646   63.8743   16.8564    54.907   18.2339   71.2881   60.6348   84.7346   43.3731   79.9953   85.4711   19.1127   17.1133   69.0648   22.3514   42.5117   34.5156   12.4459   19.9926   17.5293   40.4553   51.1512   83.3663   14.5175
   0.03125   56.4432   28.7501   82.0307   28.8134   43.1271   39.4637   9.77027   34.5768   45.5269   68.4433   35.1214   10.8281   19.5053   99.2515   21.8918   21.9155   7.69738   104.542   12.1373   33.7559   11.4225   37.6956   50.9434   89.2148   37.2334    22.459   44.5713   30.0591   51.9193   28.5289    24.987   29.9148   26.3361   13.4378   80.2704    9.3482   18.7782    81.461   49.6536   11.7241
   0.03125   15.9311   15.7761   63.0832   39.7246   56.2799   47.3554    66.889    43.658   35.1991   70.8395   34.7781   23.2998   67.0094   42.6086   23.0374   6.63281   6.41346   113.707   5.72998    51.491   17.1239   58.0185   31.1782   32.6426   62.5583   61.1634   53.4047   19.4547   18.8244   58.8511   22.3024   17.2039    17.272   10.2361   52.8393   17.4821   41.4807   19.9677    89.714   18.7445
   0.03125   63.9913   21.3741   81.7201   20.8142   17.0628   54.2885   39.6239   61.2068   49.5993   67.5404   6.34814   20.5928   93.2343   81.8887   18.4928   15.7335   26.4737   88.7202   15.9169   32.4874   3.78713   39.4395   32.9665   83.5169    33.354   63.2027   84.1822   31.1496   36.7044   75.5711   24.3235   15.7838   15.7302   3.42328   60.1584   17.6323   45.4754   51.6454   50.1918   25.5067
   0.03125   48.6993   26.0486   37.5644   37.7849   36.8403    82.941   59.8233   55.0005    39.209   31.4208   34.1766   14.1061   76.4227   37.7064   32.7158   41.1127   8.54279   69.4332   19.8181   22.7492   13.2989    72.661   54.0144   30.5784   37.9236   20.2574    87.084   25.4594   14.2923   59.9843   16.5611     35.28   20.8605   15.1879   74.5842   11.7047   43.9007   12.1526   85.9233    21.281
   0.03125   30.4819   35.0967   28.0349   42.4245   50.7971   76.1673    41.863   76.3967   61.2269   61.9972   29.9516   16.9751   50.5504   61.3817   30.9589   29.1378   25.7859   74.7092   6.25163   40.9403   7.86368   78.1965   57.4682   69.2723   29.4563   53.9952   59.1437   37.4669   23.7689   57.3945   22.7729   31.5179   23.2733   9.18407   68.4869   17.9184   45.9289   69.6247   19.7719   10.3864
   0.03125   58.5796   30.6046   71.7478   24.8435   10.7058   49.9054   42.0311   5.82863   33.7905   78.5162   22.8432   14.8756   68.5973   47.6294   27.7323    41.473   31.0752   59.2011   13.7834   51.8216   8.27922   109.066   54.9862   65.1404   29.4658   82.2158   76.7644   19.8492   34.0002    57.169   17.3923   22.7465   34.9871   2.17061   53.0495   16.7946   38.5026   85.1643   76.7014   31.0076
   0.03125   80.5632   16.6244   71.9618    46.388   39.5202   89.8635   50.5081   66.2204   35.6342   38.3325   19.7204   20.4162   53.0574   65.3145   21.6088   21.8777   33.6144   61.9784   12.4417   68.4904   11.3657      81.4   63.2004   41.6992   62.2403   74.5925   76.4319   31.0375    28.363   39.8017   23.6127   33.1282   27.6865   14.8034   70.9913   15.7152   38.0233    59.817   94.5028   32.6215
   0.03125   69.0469   29.9048   74.3626   33.6072    65.169   66.2346   38.8979   35.0068   48.2624   34.0057   16.6952   21.7675   57.8228   63.2685   29.4551   25.3557   16.6451   86.7467   16.1282   38.0444   13.6363   69.3193   41.8151   83.7792   6.07733   51.5901   56.3276   32.7514   39.7343   40.6398   11.6729   42.0636   12.2401   8.66452   82.5254   10.9459   27.2027   35.7447   96.8229   21.1474
   0.03125   54.5254   22.4957   47.9463   33.1607   18.3017   86.8547   27.4273   58.6531   48.8635   66.3209   41.6286   21.7014     58.15   86.8253   14.6526   35.2196   19.9883   62.8337   14.1019   44.6932    7.4132   52.6199   29.7934   58.6925   49.6353    68.294   86.8166   33.6689   47.4708   38.4764   9.56126   22.3786   32.9804   9.15672   65.0917   15.5708   49.0347   74.1799   99.8969   25.2558
   0.03125   65.5073   26.9201   56.3636     38.62   51.6487   57.7541   45.5899   77.8388   33.0388   81.0674   24.3389   6.15611   88.3765   61.1371   24.0728   41.0279   28.2845   58.3179   15.3207    55.772   18.9148   54.6373   5.77876   58.5715   64.7122   64.2326    33.488   37.3258   51.8518   53.6387   31.9709   38.7654   15.9524   3.72041   61.6785   10.2075   48.6197    61.644   105.455   20.8071
   0.03125   36.8085   29.7476   61.5178   24.0377   40.1051   68.2381   16.0486   52.6094   55.6284    39.195   32.7676   25.2969   73.7936   29.4316   22.4715   17.0844   39.5924   90.7518   8.13145   32.0903   9.83308   55.5698   35.0415   24.8177   48.6745    60.513   79.2124   24.3751   38.1467   45.4483    27.848   5.00726    13.212   11.3679   58.9851    7.9515   25.7887   42.7388   69.8762   34.2831
   0.03125   37.6173     23.24   73.9736   16.0035   56.0933   79.5935   25.1379   72.5211   20.2164   74.1181   27.8693   9.02094   63.1502   39.7339   17.2456    13.099   31.0536   65.0824    16.317   26.2087   19.1476   71.3872   29.6616   82.8757   19.7532   36.3192   114.011   31.3821   31.3054   33.0499   20.9079   15.3428   26.9054   7.53687   60.6929   4.14018   39.1206   72.5404   107.067   26.0529
